0.000000000000000000e+00 2.568181818181818343e-01 6.176678041978315825e+00 5.954545432871037880e-01 5.288453457572243721e+00
1.000000000000000000e+00 5.977272727272727737e-01 5.340363329107111312e+00 7.568181796507401637e-01 4.980168897455389043e+00
2.000000000000000000e+00 7.403409090909091050e-01 5.075120717828924377e+00 7.749999967488375718e-01 4.782554687153209194e+00
3.000000000000000000e+00 7.556818170980973415e-01 4.924010441519997450e+00 7.772727305238896767e-01 4.602377536080100029e+00
4.000000000000000000e+00 7.693181818181817899e-01 4.742406845092773438e+00 7.795454577966169918e-01 4.547114389592951333e+00
5.000000000000000000e+00 7.704545465382662828e-01 4.613577582619407202e+00 7.886363668875260302e-01 4.495381173220548199e+00
6.000000000000000000e+00 7.999999989162791536e-01 4.460871453718705304e+00 8.022727305238896989e-01 4.350578082691539450e+00
7.000000000000000000e+00 8.034090898253700708e-01 4.344404602050781605e+00 8.136363647200844929e-01 4.239400291442871449e+00
8.000000000000000000e+00 8.204545454545454364e-01 4.187382706728848270e+00 8.159090941602533675e-01 4.155478694222190406e+00
9.000000000000000000e+00 8.375000000000000222e-01 4.050060393593527763e+00 8.045454577966170140e-01 4.114527910405938904e+00
1.000000000000000000e+01 8.460227272727273151e-01 3.967361259460449041e+00 7.886363603852012405e-01 4.137643553993918921e+00
1.100000000000000000e+01 8.539772738109935313e-01 3.830360100486061903e+00 8.477272738109935535e-01 3.857692311026833298e+00
1.200000000000000000e+01 8.681818192655389455e-01 3.735061983628706450e+00 7.818181850693443069e-01 3.978680398247458783e+00
1.300000000000000000e+01 8.715909090909090828e-01 3.665376346761529902e+00 8.022727294401689191e-01 3.798072667555375315e+00
1.400000000000000000e+01 8.750000010837207798e-01 3.592588008533824429e+00 7.840909123420715110e-01 3.871847278421575389e+00
1.500000000000000000e+01 8.846590919928116747e-01 3.508491243015636307e+00 7.159090909090909394e-01 4.002580933137373620e+00
1.600000000000000000e+01 8.761363636363636020e-01 3.458547158674760258e+00 7.749999967488375718e-01 3.773759759556163385e+00
1.700000000000000000e+01 8.801136363636363757e-01 3.361924058740789256e+00 7.840909123420715110e-01 3.590137594396417775e+00
1.800000000000000000e+01 8.869318170980973193e-01 3.276735366474498257e+00 7.909090941602533453e-01 3.583806887539950470e+00
1.900000000000000000e+01 8.954545443708246122e-01 3.213377415050159946e+00 7.795454577966169918e-01 3.608067382465709461e+00
2.000000000000000000e+01 8.948863636363636465e-01 3.150272785533558384e+00 7.886363668875260302e-01 3.387056901238181261e+00
2.100000000000000000e+01 9.022727283564481171e-01 3.080547805265946959e+00 8.863636352799155738e-01 3.114609384536743075e+00
2.200000000000000000e+01 9.125000010837208686e-01 2.993908422643487999e+00 8.090909090909090828e-01 3.314149284362792880e+00
2.300000000000000000e+01 9.102272727272727737e-01 2.926407124779441205e+00 8.454545454545454586e-01 3.111785966699773809e+00
2.400000000000000000e+01 9.005681829019026585e-01 2.877053434198552750e+00 7.772727294401688969e-01 3.347057494250210929e+00
2.500000000000000000e+01 9.000000010837208020e-01 2.812259882146662004e+00 7.977272748947143999e-01 3.292397754842584678e+00
2.600000000000000000e+01 9.017045454545454808e-01 2.772789608348499524e+00 8.613636352799155516e-01 2.939482844959605767e+00
2.700000000000000000e+01 9.039772716435519051e-01 2.704334805228493455e+00 7.704545487057078423e-01 3.200524204427545705e+00
2.800000000000000000e+01 9.068181807344609657e-01 2.635791951959783219e+00 7.636363668875261190e-01 3.129033738916570329e+00
2.900000000000000000e+01 9.130681829019026141e-01 2.564218408411199412e+00 9.159090887416493354e-01 2.561042538556185466e+00
3.000000000000000000e+01 9.187499989162791758e-01 2.487396465648304300e+00 8.863636352799155738e-01 2.573813958601518070e+00
3.100000000000000000e+01 9.255681807344610101e-01 2.431855938651345195e+00 8.749999989162792202e-01 2.551280095360495714e+00
3.200000000000000000e+01 9.232954556291753656e-01 2.367991963299838076e+00 8.681818181818181657e-01 2.508777774464000299e+00
3.300000000000000000e+01 9.289772727272727071e-01 2.311685631491921189e+00 6.954545487057078867e-01 2.987929430874911141e+00
3.400000000000000000e+01 9.221590898253700930e-01 2.278088803724809264e+00 8.954545443708246122e-01 2.390806844017722366e+00
3.500000000000000000e+01 9.284090919928117414e-01 2.211060320247303146e+00 8.772727272727273151e-01 2.363571890917691487e+00
3.600000000000000000e+01 9.301136374473571999e-01 2.150954992120916121e+00 5.659090941602533675e-01 2.992237446524879996e+00
3.700000000000000000e+01 9.312500010837208020e-01 2.112401468103582314e+00 8.113636363636363980e-01 2.418052699349143353e+00
3.800000000000000000e+01 9.352272727272726849e-01 2.047893649881536327e+00 9.090909069234675011e-01 2.162175629355690631e+00
3.900000000000000000e+01 9.369318181818181435e-01 1.994142406637018361e+00 9.204545432871038546e-01 2.048320388793945401e+00
4.000000000000000000e+01 9.443181807344610545e-01 1.924145483970642001e+00 8.113636374473571777e-01 2.343897776170210445e+00
4.100000000000000000e+01 9.380681807344609657e-01 1.895066135579889455e+00 6.886363647200844929e-01 2.722886891798539377e+00
4.200000000000000000e+01 9.352272738109935757e-01 1.853216973218050789e+00 8.931818170980974081e-01 2.037173639644275891e+00
4.300000000000000000e+01 9.323863647200844040e-01 1.848574339259754451e+00 8.931818170980974081e-01 1.998363538221879399e+00
4.400000000000000000e+01 9.329545443708245900e-01 1.766296397555958242e+00 8.295454567128961454e-01 2.195713017203591022e+00
4.500000000000000000e+01 9.289772738109934869e-01 1.729261214082891351e+00 9.227272694761102789e-01 1.791857103867964263e+00
4.600000000000000000e+01 9.363636374473571777e-01 1.684841338070956152e+00 7.818181850693443069e-01 2.208329499851573452e+00
4.700000000000000000e+01 9.363636363636363980e-01 1.656263407793912013e+00 3.113636369054967878e-01 3.049355524236505577e+00
4.800000000000000000e+01 9.420454534617337394e-01 1.585447547652504729e+00 9.022727251052856667e-01 1.739874727075750194e+00
4.900000000000000000e+01 9.499999999999999556e-01 1.538745732740922412e+00 9.250000032511624948e-01 1.632670339671048243e+00
5.000000000000000000e+01 9.454545443708246566e-01 1.501828241348266646e+00 9.113636331124739254e-01 1.639716811613603165e+00
5.100000000000000000e+01 9.420454545454545192e-01 1.481621367281133583e+00 9.068181796507401859e-01 1.638890825618397162e+00
5.200000000000000000e+01 9.494318181818182101e-01 1.427881110798228770e+00 8.340909090909091050e-01 1.867986223914406496e+00
5.300000000000000000e+01 9.568181807344610101e-01 1.375183400240811427e+00 8.886363625526427779e-01 1.625930812142112103e+00
5.400000000000000000e+01 9.437499989162791980e-01 1.359010791778564542e+00 8.931818160143765173e-01 1.603035811944441447e+00
5.500000000000000000e+01 9.522727283564480505e-01 1.308870374072681697e+00 2.022727275436574657e-01 3.130492964657870303e+00
5.600000000000000000e+01 9.380681829019026363e-01 1.303352139212868410e+00 4.340909080071883031e-01 2.641230756586248063e+00
5.700000000000000000e+01 9.465909101746299292e-01 1.261462853171608556e+00 8.227272738109935313e-01 1.698719178546558739e+00
5.800000000000000000e+01 9.607954556291753434e-01 1.197747631506486332e+00 8.318181818181817899e-01 1.627182167226618015e+00
5.900000000000000000e+01 9.551136374473572221e-01 1.181205498088489847e+00 8.295454556291753656e-01 1.512782239913940341e+00
6.000000000000000000e+01 9.460227261890065131e-01 1.166162185235456894e+00 2.704545454545454475e-01 2.872497523914684159e+00
6.100000000000000000e+01 9.528409080071882364e-01 1.126137948036193936e+00 8.568181818181818121e-01 1.464060250195589941e+00
6.200000000000000000e+01 9.602272738109934869e-01 1.066666356000033344e+00 9.022727251052856667e-01 1.243661232428117325e+00
6.300000000000000000e+01 9.602272727272727071e-01 1.036423028599132268e+00 8.590909090909091272e-01 1.475414696606722753e+00
6.400000000000000000e+01 9.664772716435519051e-01 1.004793630946766214e+00 8.522727294401688525e-01 1.376730962233109867e+00
6.500000000000000000e+01 9.670454534617337616e-01 9.814416451887650883e-01 8.136363603852011517e-01 1.508477798375216450e+00
6.600000000000000000e+01 9.579545454545455030e-01 9.518492828715930942e-01 8.818181829019026141e-01 1.257192949815229888e+00
6.700000000000000000e+01 9.727272716435518829e-01 9.115924119949341264e-01 8.999999989162791314e-01 1.174278010021556407e+00
6.800000000000000000e+01 9.687500000000000000e-01 8.985299869017167040e-01 8.795454545454545192e-01 1.201072961633855574e+00
6.900000000000000000e+01 9.659090898253700486e-01 8.741929520260204312e-01 8.568181818181818121e-01 1.314184167168357176e+00
7.000000000000000000e+01 9.653409090909090828e-01 8.588359800252047815e-01 8.295454567128961454e-01 1.338427205519242769e+00
7.100000000000000000e+01 9.721590898253701374e-01 8.174286137927662121e-01 4.181818192655389899e-01 2.320870529521595227e+00
7.200000000000000000e+01 9.562500000000000444e-01 8.181803118098865957e-01 6.068181818181818121e-01 1.937680231441150980e+00
7.300000000000000000e+01 9.738636352799155960e-01 7.759346875277433053e-01 7.772727251052856667e-01 1.384237543019381400e+00
7.400000000000000000e+01 9.806818192655389899e-01 7.438864837993275358e-01 8.454545432871037880e-01 1.190550186417319578e+00
7.500000000000000000e+01 9.738636363636363757e-01 7.263821038332852753e-01 8.409090930765324989e-01 1.146606393293901016e+00
7.600000000000000000e+01 9.715909101746299514e-01 7.052274855700406686e-01 7.954545476219870848e-01 1.322821320186961858e+00
7.700000000000000000e+01 9.789772716435518607e-01 6.807699420235373555e-01 8.318181807344610101e-01 1.226708743788979206e+00
7.800000000000000000e+01 9.784090898253701152e-01 6.528091474012894802e-01 7.522727240215648647e-01 1.428465912558815720e+00
7.900000000000000000e+01 9.863636352799155516e-01 6.330776127901944772e-01 9.113636331124739254e-01 8.646551652388139164e-01
8.000000000000000000e+01 9.772727261890065131e-01 6.248047731139443339e-01 8.136363668875260524e-01 1.152655146338722902e+00
8.100000000000000000e+01 9.744318170980973415e-01 6.129990447651255669e-01 8.818181807344610545e-01 1.003014248067682468e+00
8.200000000000000000e+01 9.812499989162791758e-01 5.833701502193103794e-01 9.068181796507401859e-01 8.781664826653220457e-01
8.300000000000000000e+01 9.778409080071882586e-01 5.700808850201692923e-01 8.454545454545454586e-01 1.080751998858018315e+00
8.400000000000000000e+01 9.732954556291754100e-01 5.623951456763527368e-01 9.181818149306557597e-01 7.347038420763882804e-01
8.500000000000000000e+01 9.897727272727272485e-01 5.208921448750929439e-01 8.931818160143765173e-01 8.545335704630071527e-01
8.600000000000000000e+01 9.829545454545454142e-01 5.091447288339788768e-01 8.795454523780129596e-01 9.109306292100386448e-01
8.700000000000000000e+01 9.863636374473572221e-01 4.914203297008167826e-01 8.363636363636363091e-01 9.859849886460737567e-01
8.800000000000000000e+01 9.892045465382662828e-01 4.748568518595261967e-01 8.636363625526428667e-01 9.437503923069346934e-01
8.900000000000000000e+01 9.863636363636363313e-01 4.604318737983703613e-01 7.431818160143766061e-01 1.340394301847978031e+00
9.000000000000000000e+01 9.823863625526427779e-01 4.571129143238067405e-01 8.818181818181818343e-01 8.015794147144664761e-01
9.100000000000000000e+01 9.886363647200844262e-01 4.349161326885223611e-01 2.363636379892175843e-01 3.094867697629061443e+00
9.200000000000000000e+01 9.829545443708246344e-01 4.418289975686506832e-01 1.795454540035941460e-01 3.623674236644398139e+00
9.300000000000000000e+01 9.818181818181818121e-01 4.259029664776541879e-01 8.931818181818181879e-01 7.367765491658990751e-01
9.400000000000000000e+01 9.846590919928117636e-01 4.059436044909737196e-01 9.136363603852012405e-01 6.665756919167258321e-01
9.500000000000000000e+01 9.869318181818181879e-01 3.907532231374220566e-01 7.954545422033829638e-01 1.034205313162370077e+00
9.600000000000000000e+01 9.846590919928117636e-01 3.777835948900742924e-01 4.999999989162791647e-01 1.857458010586825248e+00
9.700000000000000000e+01 9.880681829019026807e-01 3.624394156716086446e-01 8.499999999999999778e-01 8.435242241079157210e-01
9.800000000000000000e+01 9.886363625526428667e-01 3.505768488753925882e-01 2.295454548163847475e-01 3.361496036702936507e+00
9.900000000000000000e+01 9.886363636363636465e-01 3.454585162076083127e-01 6.545454534617337616e-01 1.540574489940296443e+00
