0.000000000000000000e+00 6.517300093572923059e-01 6.640617947245752717e+00 5.147392265921006960e-01 9.599930743781888154e+00
1.000000000000000000e+00 7.753828669297579967e-01 5.465915527657494444e+00 7.052154092291315068e-01 6.041280378830405695e+00
2.000000000000000000e+00 8.020419734685987345e-01 4.704121741393852751e+00 7.981859509096124183e-01 4.525192873818533634e+00
3.000000000000000000e+00 8.060124749090613605e-01 3.995563898719445728e+00 7.936508044634276171e-01 3.943624619723988367e+00
4.000000000000000000e+00 8.287010741585435492e-01 3.392827823901812145e+00 7.936507977055313745e-01 3.585647773850801912e+00
5.000000000000000000e+00 8.593306870739093606e-01 2.818498197361885893e+00 6.802720966793242008e-01 3.571058006243370553e+00
6.000000000000000000e+00 8.820192890618919757e-01 2.339829587152040702e+00 3.446712015437430887e-01 4.270010956831259641e+00
7.000000000000000000e+00 8.763471338401378485e-01 2.039253137021056705e+00 3.786848021202346981e-01 5.345577035631452034e+00
8.000000000000000000e+00 8.990357346448178966e-01 1.701501718246321460e+00 3.741496585799453101e-01 5.098684660161163507e+00
9.000000000000000000e+00 9.228587638432507179e-01 1.426391444622760352e+00 3.424036278475979800e-01 4.303583934463881988e+00
1.000000000000000000e+01 9.279636967878617249e-01 1.247929032796901927e+00 4.489795933910508130e-01 2.972434226617791442e+00
1.100000000000000000e+01 9.523539391351030226e-01 1.065931155136614628e+00 4.195011314891633480e-01 2.893149558649041442e+00
1.200000000000000000e+01 9.625638147950239532e-01 9.244063910745586865e-01 3.764172322760904188e-01 3.386303505929959989e+00
1.300000000000000000e+01 9.705048235248451283e-01 8.326896505131345938e-01 3.718820896819065025e-01 2.651198746125444039e+00
1.400000000000000000e+01 9.676687443587702608e-01 7.472317563628717574e-01 2.879818562342196242e-01 2.930735072311089873e+00
1.500000000000000000e+01 9.773114001081535385e-01 6.627309737527363742e-01 4.240362798275590928e-01 2.206284419208967673e+00
1.600000000000000000e+01 9.818491171654556426e-01 5.913764596053029399e-01 2.403628105749618937e-01 2.767975665544436303e+00
1.700000000000000000e+01 9.807146881293384855e-01 5.342780668425817225e-01 6.031745949299697207e-01 1.795500373624079327e+00
1.800000000000000000e+01 9.852524122188393019e-01 4.868729767377445450e-01 4.535147397696566163e-01 2.149169405031095881e+00
1.900000000000000000e+01 9.858196271933146182e-01 4.402480672789241822e-01 4.512471612754052064e-01 2.155426469789881505e+00
2.000000000000000000e+01 9.897901286337771332e-01 3.925998342760705917e-01 4.376417258564306856e-01 2.066545277766359767e+00
2.100000000000000000e+01 9.841179798018574454e-01 3.719745625911351494e-01 2.925170122766170278e-01 3.089791176811097273e+00
2.200000000000000000e+01 9.841179822698886692e-01 3.476154529872565457e-01 2.721088384689928086e-01 2.822021611964081078e+00
2.300000000000000000e+01 9.812819073975119766e-01 3.316153021137348000e-01 3.446711995839532028e-01 2.719381831400518923e+00
2.400000000000000000e+01 9.841179822698886692e-01 3.211593240144505756e-01 2.743764169632442185e-01 2.446551253736154230e+00
2.500000000000000000e+01 9.835507682082468284e-01 3.124593935835043856e-01 2.789115643555344914e-01 2.234064553059688318e+00
2.600000000000000000e+01 9.858196256381168698e-01 2.902981284424721586e-01 2.721088394150982803e-01 2.802899998602142784e+00
2.700000000000000000e+01 9.875212705615428188e-01 2.921179902195186751e-01 2.653061173805574269e-01 2.381284784027238199e+00
2.800000000000000000e+01 9.852524097508080780e-01 2.822538140444882937e-01 4.013605390141069540e-01 1.991133617435723480e+00
2.900000000000000000e+01 9.903573445210860360e-01 2.675370511789587069e-01 7.664399028094717181e-01 9.626071158450206777e-01
3.000000000000000000e+01 9.886557038913581508e-01 2.676543211284443946e-01 6.462585075912562482e-01 1.306056568141426899e+00
3.100000000000000000e+01 9.892229179529999916e-01 2.424260569240853647e-01 6.281179074797771378e-01 1.381511363312770913e+00
3.200000000000000000e+01 9.897901295466106086e-01 2.307318596848695058e-01 5.623582847534663864e-01 1.562762826748716138e+00
3.300000000000000000e+01 9.892229136593018168e-01 2.291470935786913132e-01 4.104308395428992728e-01 1.993052601543954250e+00
3.400000000000000000e+01 9.920589937382101597e-01 2.197946337935468841e-01 7.732426334941198132e-01 9.309666156768798828e-01
3.500000000000000000e+01 9.897901304594440841e-01 2.115846828632035603e-01 7.120181485638866770e-01 1.196466070724452768e+00
3.600000000000000000e+01 9.943278484295797748e-01 2.034655212679845060e-01 5.306122328689039103e-01 1.587963252921763990e+00
3.700000000000000000e+01 9.937606343679379339e-01 1.931419400788814134e-01 7.596371980751452924e-01 1.022378184087152198e+00
3.800000000000000000e+01 9.943278493424132503e-01 1.838620008728548694e-01 8.367346911743924753e-01 7.112164067573287785e-01
3.900000000000000000e+01 9.926262035061538258e-01 1.871632472466692176e-01 8.231292480514162957e-01 7.688954049497505050e-01
4.000000000000000000e+01 9.943278527232779496e-01 1.748062052969491798e-01 8.117913872746923554e-01 8.259237000461068234e-01
4.100000000000000000e+01 9.914917787637348434e-01 1.778087162254753384e-01 7.891156484210302136e-01 9.361962563867201048e-01
4.200000000000000000e+01 9.909245628764260516e-01 1.787036511956191509e-01 7.551020497367495476e-01 1.048056126181500902e+00
4.300000000000000000e+01 9.943278527232779496e-01 1.667992242073647602e-01 6.303854975300311470e-01 1.207016831893228836e+00
4.400000000000000000e+01 9.948950686105867414e-01 1.692388013419412474e-01 7.959183781595727813e-01 8.620130429192195409e-01
4.500000000000000000e+01 9.931934193934626176e-01 1.610802430965923293e-01 7.981859518557178346e-01 8.356665940511793789e-01
4.600000000000000000e+01 9.926262087126854761e-01 1.681782420359074492e-01 7.324262945289784499e-01 1.008015236346359478e+00
4.700000000000000000e+01 9.931934227743273169e-01 1.650990245782443244e-01 8.344671088281402360e-01 7.284028299000798734e-01
4.800000000000000000e+01 9.920589928253766843e-01 1.602714949552132562e-01 8.458049859589730213e-01 7.444723630978676843e-01
4.900000000000000000e+01 9.886556986848265005e-01 1.686534717957945129e-01 7.619047631211832705e-01 9.618677122522644174e-01
5.000000000000000000e+01 9.948950643168885666e-01 1.595953606741034869e-01 7.596371980751452924e-01 1.014285843658879749e+00
5.100000000000000000e+01 9.926262087126854761e-01 1.600685287404317314e-01 5.510204057304226577e-01 1.518512153841740986e+00
5.200000000000000000e+01 9.954622792913638829e-01 1.592292802802419693e-01 7.573696070787857559e-01 1.033955922743090117e+00
5.300000000000000000e+01 9.960294942658391992e-01 1.458692600695977448e-01 7.868480737787796331e-01 8.811688020386122533e-01
5.400000000000000000e+01 9.920589937382101597e-01 1.573733401886793504e-01 7.414966008019825416e-01 1.042117172357987398e+00
5.500000000000000000e+01 9.897901338403087834e-01 1.570331839273007013e-01 8.163265356130881001e-01 9.210431628486737132e-01
5.600000000000000000e+01 9.931934236871607924e-01 1.489378809421764427e-01 8.435374055049316144e-01 7.463693175456420636e-01
5.700000000000000000e+01 9.926262044189873013e-01 1.554120880547938399e-01 6.961451317447653331e-01 1.299941654918956191e+00
5.800000000000000000e+01 9.931934203062960931e-01 1.541766568688729688e-01 8.163265192589792552e-01 8.505323341373953738e-01
