0.000000000000000000e+00 7.255681818181818343e-01 3.509860309254039379e+01 6.159090898253700708e-01 1.735333532853560001e+01
1.000000000000000000e+00 7.727272727272727071e-01 9.743306550112636799e+00 0.000000000000000000e+00 1.094137105074795890e+01
2.000000000000000000e+00 7.892045454545454364e-01 7.015318263660777376e+00 6.818181818181817851e-03 9.747321267561478209e+00
3.000000000000000000e+00 8.028409090909091050e-01 6.380203585191206450e+00 1.363636363636363570e-02 1.256544525840065774e+01
4.000000000000000000e+00 8.107954545454545414e-01 7.607533888383344767e+00 1.363636363636363570e-02 1.359514312744140696e+01
5.000000000000000000e+00 8.045454545454545636e-01 7.204659011147239056e+00 3.181818191978064148e-02 1.112835989865389763e+01
6.000000000000000000e+00 8.011363636363636465e-01 6.544768818941983035e+00 5.045454567128961898e-01 8.718704986572266336e+00
7.000000000000000000e+00 7.994318181818181879e-01 6.776955309781160786e+00 4.090909101068973541e-02 9.908036006580699606e+00
8.000000000000000000e+00 8.204545454545454364e-01 6.984256605668501372e+00 1.590909101068973402e-02 1.075268558155406673e+01
9.000000000000000000e+00 8.096590909090909394e-01 6.216800334236838310e+00 5.000000006773255151e-02 8.603669582713733277e+00
1.000000000000000000e+01 8.238636363636363535e-01 6.118544725938276585e+00 3.568181823600422020e-01 7.314940920743075559e+00
1.100000000000000000e+01 8.187499999999999778e-01 6.757247708060524438e+00 4.659090876579284890e-01 8.570660365711558981e+00
1.200000000000000000e+01 8.187499999999999778e-01 7.235310563174160770e+00 2.863636379892176009e-01 8.745276208357378067e+00
1.300000000000000000e+01 8.136363636363636020e-01 7.186948576840487490e+00 8.181818222457712397e-02 7.803863100572066003e+00
1.400000000000000000e+01 8.232954545454544970e-01 6.364796855232932593e+00 4.022727256471460566e-01 7.581082378734241622e+00
1.500000000000000000e+01 8.335227272727272485e-01 6.193475376475941374e+00 5.022727294401688747e-01 6.787555295770818731e+00
1.600000000000000000e+01 8.272727272727272707e-01 6.179389728199351950e+00 1.113636367700316654e-01 8.708301440152254713e+00
1.700000000000000000e+01 8.318181818181817899e-01 6.114139530875466022e+00 5.045454567128961898e-01 7.163605065779252712e+00
1.800000000000000000e+01 8.301136363636363313e-01 5.867559927160090005e+00 5.045454567128961898e-01 7.677797672965310127e+00
1.900000000000000000e+01 8.448863636363636020e-01 5.985944314436479452e+00 4.977272759784351908e-01 6.768355863744562662e+00
2.000000000000000000e+01 8.363636363636363091e-01 5.862472360784357406e+00 3.659090914509512960e-01 7.754112885215065809e+00
2.100000000000000000e+01 8.596590909090908728e-01 5.953380645405162319e+00 4.522727240215648203e-01 6.849342536926269709e+00
2.200000000000000000e+01 8.573863636363636687e-01 5.870036081834272501e+00 3.454545470801266838e-01 8.617194435813210873e+00
2.300000000000000000e+01 8.573863636363636687e-01 6.167464481700550394e+00 5.045454567128961898e-01 8.438409285111861280e+00
2.400000000000000000e+01 8.590909090909091272e-01 5.583245676214044551e+00 4.954545443708246455e-01 6.347965717315673828e+00
2.500000000000000000e+01 8.676136363636363091e-01 5.781637868014248838e+00 4.954545476219870959e-01 6.482476321133700203e+00
2.600000000000000000e+01 8.693181818181817677e-01 5.089824234355579513e+00 4.795454567128961676e-01 5.815394722331653554e+00
2.700000000000000000e+01 8.755681818181818565e-01 4.330612590096214021e+00 5.045454567128961898e-01 5.870298420299183029e+00
2.800000000000000000e+01 8.829545454545454364e-01 4.437402205033735392e+00 3.863636358217759637e-01 5.864907108653675039e+00
2.900000000000000000e+01 8.801136363636363757e-01 4.957911829514936919e+00 3.568181823600422020e-01 6.143516748601739685e+00
3.000000000000000000e+01 8.829545454545454364e-01 5.338311602852561677e+00 5.045454567128961898e-01 7.318802452087401988e+00
3.100000000000000000e+01 8.784090909090909172e-01 4.739996069127863088e+00 3.454545470801266838e-01 5.901814191991632264e+00
3.200000000000000000e+01 8.795454545454545192e-01 4.159401832927357212e+00 5.045454567128961898e-01 5.107881441983309401e+00
3.300000000000000000e+01 8.750000000000000000e-01 4.750966756994073670e+00 3.454545470801266838e-01 7.081158820065584614e+00
3.400000000000000000e+01 8.767045454545454586e-01 5.321230238134210921e+00 4.068181801926005758e-01 6.503720422224565034e+00
3.500000000000000000e+01 8.852272727272727515e-01 4.781789580258456240e+00 5.522727283564481393e-01 6.220739130540327899e+00
3.600000000000000000e+01 8.892045454545454142e-01 5.157576743039217426e+00 5.113636374473571333e-01 6.181288476423783429e+00
3.700000000000000000e+01 8.954545454545455030e-01 4.385834043676203109e+00 7.795454512942920910e-01 5.066750691153786512e+00
3.800000000000000000e+01 8.988636363636363091e-01 3.805327103354714247e+00 3.500000005418604232e-01 6.512445103038441374e+00
3.900000000000000000e+01 8.994318181818181657e-01 3.759529629620638858e+00 5.045454567128961898e-01 5.025556720386852305e+00
4.000000000000000000e+01 8.914772727272727293e-01 3.990619204261086406e+00 5.045454567128961898e-01 5.278063878146085131e+00
4.100000000000000000e+01 8.931818181818181879e-01 3.835774330659346365e+00 4.977272721854122950e-01 4.988852223482998838e+00
4.200000000000000000e+01 8.897727272727272707e-01 3.638579828088933876e+00 5.045454567128961898e-01 5.554263990575616816e+00
4.300000000000000000e+01 8.954545454545455030e-01 3.666801101511174998e+00 5.045454567128961898e-01 4.940147538618608003e+00
4.400000000000000000e+01 9.051136363636363980e-01 3.498864087191495109e+00 7.704545422033830526e-01 4.107586206089366421e+00
4.500000000000000000e+01 9.011363636363636243e-01 3.188844958218661318e+00 7.181818181818181435e-01 4.055688472227616970e+00
4.600000000000000000e+01 9.107954545454545192e-01 2.926093040813099400e+00 7.840909123420715110e-01 3.971092098409479298e+00
4.700000000000000000e+01 9.022727272727272263e-01 3.246976960789073718e+00 7.659090876579284224e-01 3.902814318917014358e+00
4.800000000000000000e+01 9.022727272727272263e-01 3.235953409021551153e+00 7.431818170980973859e-01 4.481520696119829061e+00
4.900000000000000000e+01 9.096590909090909172e-01 3.234661102294921875e+00 8.136363658038052726e-01 3.991863653876564833e+00
5.000000000000000000e+01 9.039772727272726849e-01 3.274126750772649697e+00 3.681818198073993909e-01 5.104362609169699638e+00
5.100000000000000000e+01 8.971590909090909616e-01 3.980295094576749015e+00 5.863636396147987595e-01 5.361887888474897501e+00
5.200000000000000000e+01 9.119318181818182323e-01 3.854045564478093766e+00 5.045454567128961898e-01 4.696417522430420100e+00
5.300000000000000000e+01 9.102272727272727737e-01 3.147043479572642966e+00 5.045454567128961898e-01 4.812052431973543598e+00
5.400000000000000000e+01 9.096590909090909172e-01 3.153482783924449695e+00 7.749999967488375718e-01 4.490281946008855662e+00
5.500000000000000000e+01 9.227272727272727293e-01 3.411914201216263987e+00 7.704545422033830526e-01 4.166414390910755827e+00
5.600000000000000000e+01 9.153409090909090384e-01 3.311419036171653119e+00 5.068181839856233939e-01 4.651316035877574251e+00
5.700000000000000000e+01 9.000000000000000222e-01 3.520903539657592951e+00 2.954545454545454489e-02 6.438927702470259362e+00
5.800000000000000000e+01 9.073863636363636020e-01 3.666704815084283808e+00 3.454545470801266838e-01 5.695731509815562532e+00
5.900000000000000000e+01 9.119318181818182323e-01 3.025520953265103508e+00 7.727272694761102567e-01 3.915971942381425208e+00
6.000000000000000000e+01 9.153409090909090384e-01 3.087464974143288465e+00 8.022727305238896989e-01 4.042489927465265254e+00
6.100000000000000000e+01 9.210227272727272707e-01 2.794216459447687484e+00 3.454545470801266838e-01 4.656708673997358439e+00
6.200000000000000000e+01 9.204545454545454142e-01 3.008482542904940438e+00 7.681818170980974081e-01 3.883894616907292985e+00
6.300000000000000000e+01 9.085227272727273151e-01 3.189914616671475578e+00 3.454545470801266838e-01 5.020632908561013075e+00
6.400000000000000000e+01 9.159090909090908950e-01 2.987398888848044720e+00 3.454545470801266838e-01 6.410153267600319893e+00
6.500000000000000000e+01 9.130681818181818343e-01 2.995084207708185176e+00 5.068181839856233939e-01 4.443676818500865267e+00
6.600000000000000000e+01 9.170454545454544970e-01 2.814295547658746788e+00 3.454545470801266838e-01 6.399023203416303929e+00
6.700000000000000000e+01 9.289772727272727071e-01 3.275989055633544922e+00 7.818181850693443069e-01 4.349619379910556027e+00
6.800000000000000000e+01 9.221590909090908728e-01 2.969678349928422278e+00 6.113636363636363313e-01 3.948780306902798909e+00
6.900000000000000000e+01 9.227272727272727293e-01 2.767742378061468056e+00 7.795454577966169918e-01 3.769958348707719065e+00
7.000000000000000000e+01 9.278409090909091050e-01 3.066899329965764753e+00 7.840909058397466103e-01 3.630243639512495513e+00
7.100000000000000000e+01 9.352272727272726849e-01 3.176088879325173142e+00 4.295454534617337283e-01 5.755187554792924765e+00
7.200000000000000000e+01 9.272727272727272485e-01 3.168165883150967588e+00 7.818181850693443069e-01 4.516344755346124451e+00
7.300000000000000000e+01 9.107954545454545192e-01 3.599465149099176475e+00 7.727272759784351575e-01 4.922179638255726353e+00
7.400000000000000000e+01 9.073863636363636020e-01 3.571421705592762397e+00 3.454545470801266838e-01 7.339944648742675604e+00
7.500000000000000000e+01 9.221590909090908728e-01 3.153259992599487305e+00 3.454545470801266838e-01 6.931550181995739024e+00
7.600000000000000000e+01 9.250000000000000444e-01 2.944637307253751057e+00 4.113636347380551506e-01 4.324703398617830707e+00
7.700000000000000000e+01 9.102272727272727737e-01 3.186455856670032727e+00 3.454545470801266838e-01 4.910129945928400019e+00
7.800000000000000000e+01 9.164772727272727515e-01 3.015060095353560232e+00 7.795454567128962120e-01 3.684459066390991300e+00
7.900000000000000000e+01 9.261363636363636465e-01 2.775114544955167073e+00 5.045454567128961898e-01 4.528046694668856453e+00
8.000000000000000000e+01 9.295454545454545636e-01 2.261566313830289054e+00 4.840909123420715221e-01 5.336347111788662723e+00
8.100000000000000000e+01 9.284090909090909616e-01 2.777927598086270322e+00 4.931818149306557153e-01 4.799481209841641949e+00
8.200000000000000000e+01 9.312500000000000222e-01 2.684727712111039555e+00 5.045454567128961898e-01 5.589489017833362716e+00
8.300000000000000000e+01 9.130681818181818343e-01 2.934480597756125686e+00 7.931818214329806604e-01 4.208826828002929510e+00
8.400000000000000000e+01 9.255681818181817899e-01 2.690330457687378107e+00 5.068181839856233939e-01 4.572835367376153926e+00
8.500000000000000000e+01 9.272727272727272485e-01 2.543066059459339279e+00 6.909090887416492466e-01 3.994720857793634394e+00
8.600000000000000000e+01 9.329545454545454808e-01 2.257598742571743866e+00 8.068181839856234383e-01 3.065584330125288748e+00
8.700000000000000000e+01 9.238636363636363313e-01 2.188591458580710469e+00 7.772727305238896767e-01 3.454288898814808384e+00
8.800000000000000000e+01 9.306818181818181657e-01 2.160697434165260944e+00 4.909090941602533564e-01 3.638885567405007126e+00
8.900000000000000000e+01 9.301136363636363091e-01 2.589526189457286520e+00 5.795454545454545858e-01 3.224950088154185934e+00
9.000000000000000000e+01 9.352272727272726849e-01 2.180792661146683908e+00 7.727272694761102567e-01 3.247056245803833008e+00
9.100000000000000000e+01 9.306818181818181657e-01 2.483536260778253624e+00 3.454545470801266838e-01 5.273835450952703674e+00
9.200000000000000000e+01 9.255681818181817899e-01 2.883993486924604888e+00 5.045454567128961898e-01 5.314577484130859730e+00
9.300000000000000000e+01 9.187499999999999556e-01 3.096621877496892772e+00 7.681818214329806382e-01 4.318474266745827350e+00
9.400000000000000000e+01 9.323863636363636243e-01 3.013594943826849004e+00 7.249999999999999778e-01 4.044219034368341958e+00
9.500000000000000000e+01 9.375000000000000000e-01 2.386341901258988596e+00 3.545454561710357777e-01 4.389458699659868124e+00
9.600000000000000000e+01 9.352272727272726849e-01 2.203715341741388389e+00 3.454545470801266838e-01 4.619804417003284591e+00
9.700000000000000000e+01 9.471590909090908950e-01 2.075038411400534688e+00 4.613636369054967545e-01 4.394086941805753099e+00
9.800000000000000000e+01 9.363636363636363980e-01 2.134566545486450195e+00 7.772727240215647759e-01 3.013105834614147049e+00
9.900000000000000000e+01 9.346590909090909394e-01 1.983179811997847208e+00 7.818181785670194062e-01 2.959374419125643474e+00
1.000000000000000000e+02 9.386363636363636020e-01 2.114686285365711349e+00 5.045454567128961898e-01 6.813566970825195135e+00
1.010000000000000000e+02 9.329545454545454808e-01 2.339748313210227249e+00 7.636363603852012183e-01 4.498003248734907977e+00
1.020000000000000000e+02 9.363636363636363980e-01 2.172474978186867300e+00 7.727272759784351575e-01 3.724060097607699404e+00
1.030000000000000000e+02 9.375000000000000000e-01 2.255217383124611619e+00 7.750000032511624726e-01 3.847426696257157719e+00
1.040000000000000000e+02 9.443181818181818343e-01 2.109095872532237514e+00 7.909090941602533453e-01 3.049273109436035245e+00
1.050000000000000000e+02 9.431818181818182323e-01 2.059097172997214731e+00 3.659090914509512960e-01 4.784357261657715021e+00
1.060000000000000000e+02 9.403409090909090606e-01 2.407576469941572928e+00 7.477272705598311253e-01 3.590313807400790314e+00
1.070000000000000000e+02 9.448863636363636909e-01 2.147060780091719412e+00 7.590909058397466991e-01 3.657988227497447564e+00
1.080000000000000000e+02 9.340909090909090828e-01 2.153943291577425700e+00 6.136363614689219759e-01 4.173950438065962665e+00
1.090000000000000000e+02 9.437499999999999778e-01 2.655822775580666484e+00 3.818181823600422242e-01 3.907913554798473132e+00
1.100000000000000000e+02 9.443181818181818343e-01 2.705554957823320006e+00 7.909090941602533453e-01 4.195863454992120545e+00
1.110000000000000000e+02 9.499999999999999556e-01 2.765691280364990234e+00 8.204545476219871070e-01 3.782232670350508474e+00
1.120000000000000000e+02 9.397727272727273151e-01 2.615022004734385952e+00 8.159090930765325878e-01 3.499132433804598818e+00
1.130000000000000000e+02 9.312500000000000222e-01 2.556578709862448839e+00 7.863636331124739254e-01 3.697920773246071491e+00
1.140000000000000000e+02 9.397727272727273151e-01 2.486482377485795592e+00 7.863636396147988261e-01 3.841307232596657517e+00
1.150000000000000000e+02 9.499999999999999556e-01 2.205980409275401843e+00 7.545454534617337394e-01 3.329803362759677032e+00
1.160000000000000000e+02 9.443181818181818343e-01 1.980934000015258878e+00 3.454545470801266838e-01 5.313243077018044325e+00
1.170000000000000000e+02 9.335227272727272263e-01 2.239425858584317197e+00 3.454545470801266838e-01 9.808514855124734311e+00
1.180000000000000000e+02 9.267045454545455030e-01 2.562827873229980291e+00 7.181818192655390343e-01 4.080414325540716369e+00
1.190000000000000000e+02 9.210227272727272707e-01 2.372092277353460066e+00 4.386363652619448827e-01 4.298456452109596704e+00
