0.000000000000000000e+00 6.365187716022964182e-01 4.091556436237079097e+00 7.386363625526428667e-01 3.713438675620339247e+00
1.000000000000000000e+00 7.457337880568564170e-01 3.615804724318989471e+00 7.772727272727272263e-01 3.490843369744040636e+00
2.000000000000000000e+00 7.770193398202238644e-01 3.343707386815371496e+00 3.477272732691331081e-01 4.268184436451305075e+00
3.000000000000000000e+00 7.935153586330131459e-01 3.112145946023136212e+00 3.363636369054967545e-01 6.863372334566983035e+00
4.000000000000000000e+00 8.094425484860173770e-01 2.894439442301501852e+00 7.909090909090908950e-01 2.763974098725752615e+00
5.000000000000000000e+00 8.219567686488875591e-01 2.662779172261556138e+00 3.500000005418604232e-01 4.477566736394709146e+00
6.000000000000000000e+00 8.492605235253856133e-01 2.468649811034045349e+00 6.159090898253700708e-01 3.208803441307761517e+00
7.000000000000000000e+00 8.509670075567373759e-01 2.279043593097465514e+00 7.477272727272726849e-01 2.623456430435180842e+00
8.000000000000000000e+00 8.686006822548085760e-01 2.110138291791844090e+00 6.113636352799155516e-01 2.890234557065096688e+00
9.000000000000000000e+00 8.822525598625816645e-01 1.939438721425704282e+00 7.181818181818181435e-01 2.438978108492764640e+00
1.000000000000000000e+01 8.794084183185173487e-01 1.787820396434189441e+00 7.727272727272727071e-01 1.926030646670948476e+00
1.100000000000000000e+01 8.748577930821493931e-01 1.683198974401063808e+00 7.727272738109934869e-01 1.898378237811001901e+00
1.200000000000000000e+01 8.993174063467734847e-01 1.543186671904736462e+00 8.272727283564480505e-01 1.662644522840326378e+00
1.300000000000000000e+01 8.924914676446014106e-01 1.426187854035586788e+00 7.454545454545454808e-01 1.831554746627807706e+00
1.400000000000000000e+01 8.850967009997883217e-01 1.339545033490698422e+00 8.159090898253701374e-01 1.468349632349881251e+00
1.500000000000000000e+01 9.112627987026219456e-01 1.195504883314833622e+00 7.340909090909091272e-01 1.830200312354347991e+00
1.600000000000000000e+01 8.970420934234463184e-01 1.131113782813253366e+00 7.477272727272726849e-01 1.652495683323253362e+00
1.700000000000000000e+01 8.993174056686774609e-01 1.045783830448493434e+00 7.386363625526428667e-01 1.540822321718389398e+00
1.800000000000000000e+01 9.084186572941768123e-01 9.711969945753529121e-01 7.068181807344610101e-01 1.708965481411327092e+00
1.900000000000000000e+01 9.084186577010344710e-01 8.843365445207546083e-01 7.568181818181818343e-01 1.448977136611938388e+00
2.000000000000000000e+01 9.095563136541260363e-01 8.272330943363653821e-01 7.749999989162791314e-01 1.206751927462491158e+00
2.100000000000000000e+01 9.072810012054660644e-01 7.834187173056792464e-01 6.931818181818182323e-01 1.544222833893515778e+00
2.200000000000000000e+01 9.186575654830542170e-01 7.265127885734939950e-01 8.249999999999999556e-01 9.332658702676946971e-01
2.300000000000000000e+01 9.152445957251105213e-01 6.651345186944165322e-01 5.431818192655389899e-01 1.822573440725153038e+00
2.400000000000000000e+01 9.061433442352303524e-01 6.583983473674700493e-01 7.045454534617336950e-01 1.441716982017863913e+00
2.500000000000000000e+01 9.129692828695928908e-01 6.271703109670688780e-01 4.772727261890064576e-01 3.517124310406771759e+00
2.600000000000000000e+01 9.050056884177579697e-01 6.085914544278037130e-01 7.749999989162791314e-01 9.534613804383711422e-01
2.700000000000000000e+01 9.124004551981903521e-01 5.888867044611595380e-01 8.659090909090909616e-01 7.304758180271495593e-01
2.800000000000000000e+01 9.101251418680054162e-01 5.806207294757048665e-01 6.681818192655389899e-01 1.629388883980837699e+00
2.900000000000000000e+01 9.067121729915865735e-01 5.647864974399475768e-01 7.045454545454545858e-01 1.094798044724897945e+00
3.000000000000000000e+01 9.220705343594730596e-01 5.356002647315275533e-01 7.159090898253700486e-01 1.393405025655573004e+00
3.100000000000000000e+01 9.158134239389899012e-01 5.344596158658007079e-01 9.045454545454545414e-01 6.421177907423539777e-01
3.200000000000000000e+01 9.163822526275365865e-01 5.253968568724305399e-01 8.090909101746298626e-01 7.878513097763061301e-01
3.300000000000000000e+01 9.311717856459242881e-01 4.633935864874934030e-01 7.295454534617337172e-01 1.011910985816608877e+00
3.400000000000000000e+01 9.340159267153214095e-01 4.505464905900488648e-01 7.863636363636363757e-01 8.304553465409711954e-01
3.500000000000000000e+01 9.203640501246924677e-01 4.551591957591906157e-01 8.000000000000000444e-01 8.193873860619285132e-01
3.600000000000000000e+01 9.317406144022806203e-01 4.257257714342067567e-01 6.363636370409618548e-02 1.002880124178799726e+01
3.700000000000000000e+01 9.249146758357277287e-01 4.326372929807408840e-01 7.113636352799155294e-01 9.509864048524336866e-01
3.800000000000000000e+01 9.072810012732756002e-01 4.747687968784631840e-01 8.590909090909091272e-01 6.492514718662608653e-01
3.900000000000000000e+01 9.186575650083869116e-01 4.614762885578663210e-01 8.363636363636363091e-01 7.899655277078801996e-01
4.000000000000000000e+01 9.152445961997777157e-01 4.481765501057057288e-01 7.590909090909090384e-01 1.271120321750640825e+00
4.100000000000000000e+01 9.209328783385718475e-01 4.457769215920679429e-01 8.431818181818181435e-01 8.655010786923494903e-01
4.200000000000000000e+01 9.141069392295421148e-01 4.917153605557681439e-01 8.886363636363636687e-01 6.352710398760709198e-01
4.300000000000000000e+01 9.266211600705083207e-01 4.422406000217615762e-01 8.886363636363636687e-01 5.913819150491194110e-01
4.400000000000000000e+01 9.294653015467629897e-01 4.299694213918722752e-01 6.295454556291754100e-01 1.238672919706864883e+00
4.500000000000000000e+01 9.249146752932508875e-01 4.857440918378862493e-01 7.727272727272727071e-01 9.247195005416870561e-01
4.600000000000000000e+01 9.277588169729343859e-01 4.921179681643420012e-01 8.386363636363636243e-01 7.454649990255182157e-01
4.700000000000000000e+01 9.306029574320449083e-01 4.764129421477703019e-01 9.022727272727272263e-01 5.950869235125455514e-01
4.800000000000000000e+01 9.334470986370612122e-01 4.666787634123714112e-01 8.227272727272727515e-01 7.585718187418850622e-01
4.900000000000000000e+01 9.374288965410746410e-01 4.430953445966197557e-01 8.318181818181817899e-01 7.023419867862354948e-01
5.000000000000000000e+01 9.300341292181655284e-01 4.400611338422838470e-01 8.272727272727272707e-01 7.504513805562799122e-01
5.100000000000000000e+01 9.300341292181655284e-01 4.313537044804521825e-01 8.795454545454545192e-01 6.109241832386363980e-01
5.200000000000000000e+01 9.402730375426621157e-01 4.007321463238799897e-01 8.454545454545454586e-01 7.456786762584339812e-01
5.300000000000000000e+01 9.397042089897347239e-01 3.994477224431347007e-01 4.886363625526428112e-01 3.499308893897316697e+00
5.400000000000000000e+01 9.442548346329603381e-01 3.768224647020724238e-01 5.613636374473571777e-01 1.593026869947260060e+00
5.500000000000000000e+01 9.374288965410746410e-01 3.919425250049066167e-01 8.477272716435518829e-01 7.169409285892139883e-01
5.600000000000000000e+01 9.357224113569595492e-01 4.008474166211550282e-01 5.795454545454545858e-01 1.875474390116604884e+00
5.700000000000000000e+01 9.397042089219250771e-01 3.926736460882106483e-01 8.204545454545454364e-01 8.140577424656261218e-01
5.800000000000000000e+01 9.442548345651506914e-01 3.818050681934421764e-01 8.090909090909090828e-01 1.009333825111389249e+00
5.900000000000000000e+01 9.408418652818743011e-01 3.832018284870902791e-01 8.295454545454545858e-01 7.903683033856478968e-01
6.000000000000000000e+01 9.379977247549541319e-01 3.887698994154816234e-01 6.840909090909090828e-01 1.138074408877979726e+00
6.100000000000000000e+01 9.345847555394872774e-01 3.931418372502505920e-01 7.863636352799155960e-01 8.085407029498706821e-01
6.200000000000000000e+01 9.408418653496838369e-01 3.925820919976434897e-01 8.681818181818181657e-01 6.676040215925737042e-01
6.300000000000000000e+01 9.453924915353864034e-01 3.897851424819373523e-01 8.977272727272727071e-01 6.009690035473216341e-01
