0.000000000000000000e+00 7.484383877538132168e-01 3.842035227238894901e+00 7.959183681578863023e-01 3.674503690801780298e+00
1.000000000000000000e+00 8.018171491777267290e-01 3.002010014841057117e+00 8.004535146040711036e-01 2.956198282522949583e+00
2.000000000000000000e+00 8.069278823253039912e-01 2.284024156135026296e+00 5.102040802810737796e-01 5.238391282066466204e+00
3.000000000000000000e+00 8.120386148636344892e-01 1.804401979061908801e+00 8.095238074964407060e-01 1.808480508203138770e+00
4.000000000000000000e+00 8.154457693814824992e-01 1.507518934161063306e+00 8.208616769232717214e-01 1.511247100743577043e+00
5.000000000000000000e+00 8.137421917671645577e-01 1.311925493134212140e+00 7.868480743194112836e-01 1.605831763101002618e+00
6.000000000000000000e+00 8.205565018521189247e-01 1.135395323262168521e+00 6.303854910424506741e-01 3.163885824264041968e+00
7.000000000000000000e+00 8.256672349658491505e-01 1.028497876124514709e+00 5.056689328887835622e-01 3.216710390687799848e+00
8.000000000000000000e+00 8.245315166239979288e-01 9.525893117676127453e-01 7.891156470694509206e-01 1.575310179165431368e+00
9.000000000000000000e+00 8.375922776229810518e-01 8.879769044055104699e-01 4.943310663002689065e-01 2.401709531169899936e+00
1.000000000000000000e+01 8.358887000425101466e-01 8.266337809069870257e-01 7.959183691039918296e-01 1.086696030871938445e+00
1.100000000000000000e+01 8.307779669626269570e-01 8.591551708268009291e-01 7.596371909117752841e-01 1.084301521448321370e+00
1.200000000000000000e+01 8.591709261181542656e-01 7.543116885447352926e-01 6.780045329848655156e-01 1.465267640392796444e+00
1.300000000000000000e+01 8.551959119216749894e-01 6.903203909265798188e-01 5.011337854964933447e-01 1.661044271084186397e+00
1.400000000000000000e+01 8.699602498241881809e-01 6.525089318342062183e-01 6.734693865386807143e-01 1.637123400121589301e+00
1.500000000000000000e+01 8.682566722775643120e-01 6.346390283222838047e-01 4.988662118003481805e-01 2.790341634058357556e+00
1.600000000000000000e+01 8.733674053236004653e-01 6.217665302015582540e-01 7.891156480155564479e-01 1.204543076404908986e+00
1.700000000000000000e+01 8.705281089612667555e-01 6.152061392542044205e-01 7.142857160427673602e-01 1.634094054196156609e+00
1.800000000000000000e+01 8.847245888098067557e-01 5.606835293776606388e-01 4.988662118003481805e-01 2.194930818616127599e+00
1.900000000000000000e+01 8.915388982516673222e-01 5.258366736344896042e-01 4.467120175323789355e-01 1.587858455792035661e+00
2.000000000000000000e+01 8.773424190123740862e-01 5.508230130216196230e-01 7.845805006232661194e-01 1.483501560023041899e+00
2.100000000000000000e+01 8.921067573887457858e-01 5.252504187304481986e-01 4.897959189079786335e-01 1.746769164154589049e+00
2.200000000000000000e+01 9.040318006212775259e-01 5.042280245409439532e-01 5.056689328887835622e-01 1.746061431848002776e+00
2.300000000000000000e+01 9.011925041912497436e-01 4.772709872084947569e-01 5.555555590696615864e-01 1.351019544936632011e+00
2.400000000000000000e+01 8.972174906040172315e-01 5.025325507213282972e-01 8.072562347464009580e-01 1.084503021775459652e+00
2.500000000000000000e+01 9.063032367295802416e-01 4.610419133926643154e-01 4.988662118003481805e-01 2.611932652337210392e+00
2.600000000000000000e+01 9.068710964420585441e-01 4.687529295970607190e-01 4.988662118003481805e-01 2.127169526353174245e+00
2.700000000000000000e+01 9.114139692679106286e-01 4.717085095781416437e-01 2.721088440442571976e-02 5.818545051713108762e+00
2.800000000000000000e+01 9.244747302330467154e-01 4.546152858623112580e-01 5.986394525385226872e-01 1.826992215753412641e+00
2.900000000000000000e+01 9.273140260538277335e-01 4.253646797039913885e-01 4.988662118003481805e-01 1.860485579421460756e+00
3.000000000000000000e+01 9.028960822455792679e-01 5.002156971937414820e-01 8.571428551154882669e-01 7.050946169699671140e-01
3.100000000000000000e+01 8.989210680490999916e-01 5.432879286418916820e-01 6.870748285803935929e-01 1.262416681194521662e+00
3.200000000000000000e+01 9.148211243273114412e-01 5.667719237172149649e-01 8.253968243155620499e-01 1.210835552269639237e+00
3.300000000000000000e+01 9.227711526864228464e-01 5.488527843655678362e-01 5.102040821732847231e-01 1.955994859844648825e+00
3.400000000000000000e+01 9.193639982701160562e-01 5.523901058827388466e-01 5.532879813187787654e-01 1.643265257076341301e+00
3.500000000000000000e+01 9.318568994212326206e-01 4.766267297756665022e-01 7.641723392501710288e-01 1.287607847698151176e+00
3.600000000000000000e+01 9.335604769678564896e-01 4.466753088398998095e-01 7.936507935156357219e-01 1.092847743001924998e+00
3.700000000000000000e+01 9.335604769678564896e-01 4.464123318440395560e-01 8.004535155501765198e-01 1.151831542012913268e+00
3.800000000000000000e+01 9.278818858340002196e-01 4.500065766431471381e-01 8.390022646002217588e-01 8.233626970087860597e-01
3.900000000000000000e+01 9.346961953097077114e-01 4.363897911599249890e-01 8.004535146040711036e-01 1.252937214715140302e+00
4.000000000000000000e+01 9.437819425860701772e-01 4.025315480229531007e-01 4.988662118003481805e-01 3.242235443219035673e+00
4.100000000000000000e+01 9.505962521294718526e-01 3.676705203023842294e-01 8.140589567809418670e-01 9.433148080259223800e-01
4.200000000000000000e+01 9.545712662921040925e-01 3.438283241248685784e-01 6.258503408118440969e-01 1.746373402829072941e+00
4.300000000000000000e+01 9.505962526710245442e-01 3.367895869150004939e-01 7.528344688772343751e-01 1.126214921609614672e+00
4.400000000000000000e+01 9.562748438048809252e-01 3.436955755099459497e-01 8.344671191001424848e-01 7.965175570273885786e-01
4.500000000000000000e+01 9.426462242780661027e-01 3.752218736531313659e-01 8.594104278655279039e-01 7.593544328293833079e-01
4.600000000000000000e+01 9.557069846339553143e-01 3.486879745171463929e-01 8.707482963462535031e-01 6.682570975383663736e-01
4.700000000000000000e+01 9.437819420783645219e-01 3.645003841114206611e-01 8.117913821386912865e-01 1.815953821552042990e+00
4.800000000000000000e+01 9.511641112665504272e-01 3.610825831073715686e-01 8.526077077231980494e-01 7.176882417834534733e-01
4.900000000000000000e+01 9.585462804547363325e-01 3.455502182363719421e-01 7.188208604615832220e-01 1.688124670193038579e+00
5.000000000000000000e+01 9.574105627221318748e-01 3.475436209819995348e-01 8.049886610502559048e-01 1.078662940434047091e+00
5.100000000000000000e+01 9.625212952266153366e-01 3.389339255785684957e-01 8.027210892463216840e-01 1.863187638269800717e+00
5.200000000000000000e+01 9.619534360556897257e-01 3.369125710976929589e-01 8.344671219384589556e-01 8.068530644689287934e-01
5.300000000000000000e+01 9.596819993719872821e-01 3.329950936608257472e-01 8.390022655463272860e-01 7.958579271558731127e-01
5.400000000000000000e+01 9.670641685940202237e-01 3.123088777234512281e-01 6.507936514694404595e-01 1.539193150948505062e+00
5.500000000000000000e+01 9.619534355141370341e-01 3.106580927993410346e-01 8.866213122192694307e-01 6.099900573559629002e-01
5.600000000000000000e+01 9.540034076627311732e-01 3.269563439994424003e-01 8.412698411346833938e-01 7.676755131777722729e-01
5.700000000000000000e+01 9.562748437710338889e-01 3.338333411964078401e-01 6.462585050232556583e-01 1.446571502555795252e+00
5.800000000000000000e+01 9.557069846678023506e-01 3.736968707591549199e-01 8.820861706387699286e-01 6.786400481146208641e-01
5.900000000000000000e+01 9.693356053115697035e-01 3.155456982269536081e-01 7.959183691039918296e-01 1.438393888560011824e+00
6.000000000000000000e+01 9.738784786112805181e-01 2.854671280266276034e-01 7.913832207655960849e-01 1.524403835910788541e+00
6.100000000000000000e+01 9.687677461406440926e-01 2.881779868043599646e-01 8.117913821386912865e-01 1.668458506633905492e+00
6.200000000000000000e+01 9.630891544313879837e-01 2.789648417922869772e-01 8.503401330809474690e-01 8.080048725988859815e-01
6.300000000000000000e+01 9.738784781035748628e-01 2.698627615062977880e-01 5.079365056388231991e-01 1.885006383973724997e+00
6.400000000000000000e+01 9.716070419952721471e-01 2.606760467371434520e-01 8.458049856886571405e-01 9.856471982942957011e-01
6.500000000000000000e+01 9.801249295591563104e-01 2.366089400143057409e-01 8.435374119925120873e-01 7.415027777894553918e-01
6.600000000000000000e+01 9.721749005569509938e-01 2.451279576802240234e-01 3.469387767942043732e-01 3.506003908559578441e+00
6.700000000000000000e+01 9.505962520617777800e-01 3.323514984454166155e-01 7.369614519229551464e-01 1.221132800962919651e+00
6.800000000000000000e+01 9.557069852093550422e-01 3.551731887593450598e-01 8.480725612770132482e-01 8.378393794673910655e-01
6.900000000000000000e+01 9.659284497106163103e-01 3.310284497113745172e-01 6.462585012388337713e-01 1.420280893373381259e+00
7.000000000000000000e+01 9.755820561917514233e-01 3.085712719241168744e-01 7.709750593925008832e-01 1.097689412483552784e+00
7.100000000000000000e+01 9.818285065303804515e-01 2.882891951942227471e-01 7.573696172156301198e-01 1.129830447589459164e+00
7.200000000000000000e+01 9.795570703543836633e-01 2.742768973365959373e-01 8.140589567809418670e-01 1.123796129307779390e+00
7.300000000000000000e+01 9.744463373083475100e-01 2.806844567961478965e-01 8.140589567809418670e-01 1.063040503298614547e+00
7.400000000000000000e+01 9.721749006246450664e-01 2.852170070266263346e-01 6.462585031310447148e-01 1.640549906797690083e+00
7.500000000000000000e+01 9.835320840431572842e-01 2.476495617513017611e-01 5.079365056388231991e-01 2.646471761521838939e+00
