0.000000000000000000e+00 6.954545454545454364e-01 1.617804669466885770e+01 5.045454567128961898e-01 1.735026182694868524e+01
1.000000000000000000e+00 7.659090909090908728e-01 7.880156534368341958e+00 5.681818208911202511e-02 1.131442794799804652e+01
2.000000000000000000e+00 7.761363636363636243e-01 3.893989641016180059e+00 6.818181818181817851e-03 1.029225207242098783e+01
3.000000000000000000e+00 7.852272727272727737e-01 3.050923963026566987e+00 1.590909101068973402e-02 5.715203805403276327e+00
4.000000000000000000e+00 7.846590909090909172e-01 2.885975777019154087e+00 1.090909092263741970e-01 6.883052262392911125e+00
5.000000000000000000e+00 8.119318181818181435e-01 2.509112063321200292e+00 5.045454567128961898e-01 5.507924773476340796e+00
6.000000000000000000e+00 8.045454545454545636e-01 2.497809401425448161e+00 5.045454567128961898e-01 5.818544283780184401e+00
7.000000000000000000e+00 8.130681818181818565e-01 2.610260477933016521e+00 1.204545459964058568e-01 3.509384450045498927e+00
8.000000000000000000e+00 8.153409090909090606e-01 2.489697512713345606e+00 1.590909101068973402e-02 5.717611963098699235e+00
9.000000000000000000e+00 8.113636363636363980e-01 2.543864241513338786e+00 1.136363636363636395e-02 5.468698727000843363e+00
1.000000000000000000e+01 8.113636363636363980e-01 2.574166263233531815e+00 2.500000020319765107e-02 7.836200627413663078e+00
1.100000000000000000e+01 8.045454545454545636e-01 2.428437779166481736e+00 5.681818222457712259e-02 8.525719313188032444e+00
1.200000000000000000e+01 8.193181818181818343e-01 2.349645536596124629e+00 8.636363649910146212e-02 6.028248049996116187e+00
1.300000000000000000e+01 8.232954545454544970e-01 2.314503452994606914e+00 5.045454567128961898e-01 4.098249218680641626e+00
1.400000000000000000e+01 8.068181818181817677e-01 2.215626528046347854e+00 4.977272759784351908e-01 4.271554019234397259e+00
1.500000000000000000e+01 8.295454545454545858e-01 1.970674441077492345e+00 5.045454567128961898e-01 4.326484055952592556e+00
1.600000000000000000e+01 8.278409090909091272e-01 2.100390772386030669e+00 1.818181838501583408e-02 4.432974347201260379e+00
1.700000000000000000e+01 8.352272727272727071e-01 2.289901750737970421e+00 4.931818203492598363e-01 3.665485195680098229e+00
1.800000000000000000e+01 8.301136363636363313e-01 2.167704382809725772e+00 4.681818160143765284e-01 3.859363564577969807e+00
1.900000000000000000e+01 8.284090909090908728e-01 2.053704478523947774e+00 5.022727294401688747e-01 3.973916712674227636e+00
2.000000000000000000e+01 8.352272727272727071e-01 2.237197598544033994e+00 4.977272748947143555e-01 3.653231551430442092e+00
2.100000000000000000e+01 8.301136363636363313e-01 2.296645847233858895e+00 4.795454577966170029e-01 3.303502655029296964e+00
2.200000000000000000e+01 8.392045454545454808e-01 2.047466720234264237e+00 5.113636385310780241e-01 3.417205715179443271e+00
2.300000000000000000e+01 8.414772727272726849e-01 2.273977175625887970e+00 5.045454567128961898e-01 4.325452058965509217e+00
2.400000000000000000e+01 8.437500000000000000e-01 2.237715955214067076e+00 4.931818203492598363e-01 3.882117028669877623e+00
2.500000000000000000e+01 8.244318181818182101e-01 2.043126288327303808e+00 4.977272748947143555e-01 3.866142923181707047e+00
2.600000000000000000e+01 8.352272727272727071e-01 1.985599855943159575e+00 4.681818170980973637e-01 3.992464477365667008e+00
2.700000000000000000e+01 8.409090909090909394e-01 2.110923034494573525e+00 5.045454567128961898e-01 4.918573813004926798e+00
2.800000000000000000e+01 8.562499999999999556e-01 1.907834206927906395e+00 5.000000021674416706e-01 4.074895598671653296e+00
2.900000000000000000e+01 8.284090909090908728e-01 2.103446626663207919e+00 4.636363625526428445e-01 4.177640221335670923e+00
3.000000000000000000e+01 8.386363636363636243e-01 2.026075545224276464e+00 5.045454567128961898e-01 2.897381340373645919e+00
3.100000000000000000e+01 8.397727272727272263e-01 1.991178365187211474e+00 4.590909080071882697e-01 2.977777689153497942e+00
3.200000000000000000e+01 8.420454545454545414e-01 1.998515107414939207e+00 5.090909112583507090e-01 4.621964662725274842e+00
3.300000000000000000e+01 8.562499999999999556e-01 2.169583034515381037e+00 3.886363636363636131e-01 3.378903059525923513e+00
3.400000000000000000e+01 8.443181818181818565e-01 1.962923008745366849e+00 5.045454567128961898e-01 3.051286324587735077e+00
3.500000000000000000e+01 8.534090909090908950e-01 1.775637405568903038e+00 5.045454567128961898e-01 3.574859168312766400e+00
3.600000000000000000e+01 8.477272727272727737e-01 1.603549701517278603e+00 5.045454567128961898e-01 3.289640084179965118e+00
3.700000000000000000e+01 8.534090909090908950e-01 1.578207089684226405e+00 6.545454523780128708e-01 2.973677474802190801e+00
3.800000000000000000e+01 8.511363636363636909e-01 1.950630339709195304e+00 5.045454567128961898e-01 3.184282281182028829e+00
3.900000000000000000e+01 8.613636363636363313e-01 1.763727292147549752e+00 4.227272711016915041e-01 3.766565322875976562e+00
4.000000000000000000e+01 8.517045454545454364e-01 1.854266483133489407e+00 5.045454567128961898e-01 4.423215302554043937e+00
4.100000000000000000e+01 8.568181818181818121e-01 1.750351415980945902e+00 5.045454567128961898e-01 3.835277201912620004e+00
4.200000000000000000e+01 8.590909090909091272e-01 1.642999683726917626e+00 5.159090930765325433e-01 3.206496247378262776e+00
4.300000000000000000e+01 8.482954545454545192e-01 1.728962646831165628e+00 5.045454567128961898e-01 4.663793962652032832e+00
4.400000000000000000e+01 8.579545454545454142e-01 1.638284323432228851e+00 5.090909112583507090e-01 3.025814169103449025e+00
4.500000000000000000e+01 8.505681818181818343e-01 1.826481476697054740e+00 4.636363620107823991e-01 2.691317827051336042e+00
4.600000000000000000e+01 8.579545454545454142e-01 1.890213030034845421e+00 4.909090887416492910e-01 2.820206620476462422e+00
4.700000000000000000e+01 8.482954545454545192e-01 1.835745839639143506e+00 5.045454567128961898e-01 3.070477381619540314e+00
4.800000000000000000e+01 8.619318181818181879e-01 1.782439925453879637e+00 5.045454567128961898e-01 4.681316419081254843e+00
4.900000000000000000e+01 8.613636363636363313e-01 1.541552855751731288e+00 5.045454567128961898e-01 4.437085975300181673e+00
5.000000000000000000e+01 8.704545454545454808e-01 1.454811191558837979e+00 5.045454567128961898e-01 3.977880599282004770e+00
5.100000000000000000e+01 8.636363636363636465e-01 1.641056195172396537e+00 5.045454567128961898e-01 4.281432854045521097e+00
5.200000000000000000e+01 8.715909090909090828e-01 1.622153498909690184e+00 5.045454567128961898e-01 3.750012675198641787e+00
5.300000000000000000e+01 8.596590909090908728e-01 1.559430417147549708e+00 4.886363668875260968e-01 4.459023961153897098e+00
5.400000000000000000e+01 8.653409090909091050e-01 1.536934679204767340e+00 5.045454567128961898e-01 3.486042148416692577e+00
5.500000000000000000e+01 8.761363636363636020e-01 1.366402383284135214e+00 6.295454567128961898e-01 2.172397062995217176e+00
5.600000000000000000e+01 8.704545454545454808e-01 1.557884766838767421e+00 5.045454567128961898e-01 3.539207571203058400e+00
5.700000000000000000e+01 8.630681818181817899e-01 1.516605104099620460e+00 5.045454567128961898e-01 2.573092477971857139e+00
5.800000000000000000e+01 8.721590909090909394e-01 1.463068845055319978e+00 5.113636385310780241e-01 2.348833222822709565e+00
5.900000000000000000e+01 8.761363636363636020e-01 1.561951121416958799e+00 5.045454567128961898e-01 2.637450044805353500e+00
6.000000000000000000e+01 8.750000000000000000e-01 1.430459551377729843e+00 5.045454567128961898e-01 2.845666547255082612e+00
6.100000000000000000e+01 8.636363636363636465e-01 1.398805650797757316e+00 5.999999989162791980e-01 2.150206609205766117e+00
6.200000000000000000e+01 8.738636363636363980e-01 1.426558962735262837e+00 5.045454567128961898e-01 4.914781821857799216e+00
6.300000000000000000e+01 8.630681818181817899e-01 1.726217074827714359e+00 3.818181801926006091e-01 3.580924849076704497e+00
6.400000000000000000e+01 7.960227272727272707e-01 2.196296019987626469e+00 7.704545432871038324e-01 2.488478938016024600e+00
6.500000000000000000e+01 8.079545454545454808e-01 2.169548905979503228e+00 5.045454567128961898e-01 3.925774080103094033e+00
6.600000000000000000e+01 8.113636363636363980e-01 2.068107123808427428e+00 3.454545470801266838e-01 5.079152193936434578e+00
6.700000000000000000e+01 8.176136363636363757e-01 2.061482394825328690e+00 3.477272743528539434e-01 3.701167535781860529e+00
6.800000000000000000e+01 8.335227272727272485e-01 1.842570441419427940e+00 6.818181818181817851e-03 5.562610340118408381e+00
6.900000000000000000e+01 8.426136363636363980e-01 1.765402197837829590e+00 5.045454567128961898e-01 3.095657400651411706e+00
7.000000000000000000e+01 8.443181818181818565e-01 1.573607908595691995e+00 5.045454567128961898e-01 3.410637452385642199e+00
7.100000000000000000e+01 8.499999999999999778e-01 1.424928166649558348e+00 5.045454567128961898e-01 3.405222637003118447e+00
7.200000000000000000e+01 8.511363636363636909e-01 1.575653043660250496e+00 4.318181824955073106e-02 3.595994676243175370e+00
7.300000000000000000e+01 8.426136363636363980e-01 1.670993436466563731e+00 5.045454567128961898e-01 3.312872236425226546e+00
7.400000000000000000e+01 8.499999999999999778e-01 1.628917746110395859e+00 3.454545470801266838e-01 3.390935360301624790e+00
7.500000000000000000e+01 8.625000000000000444e-01 1.581081186641346337e+00 5.045454567128961898e-01 3.657928852601485037e+00
7.600000000000000000e+01 8.704545454545454808e-01 1.585423515059731114e+00 5.045454567128961898e-01 5.391351231661709598e+00
7.700000000000000000e+01 8.613636363636363313e-01 1.549711877649480707e+00 5.045454567128961898e-01 3.730749659104780847e+00
7.800000000000000000e+01 8.590909090909091272e-01 1.552755256132646089e+00 5.045454567128961898e-01 2.459846227819269426e+00
7.900000000000000000e+01 8.664772727272727071e-01 1.514383456923744875e+00 5.045454567128961898e-01 2.504071738503196087e+00
8.000000000000000000e+01 8.693181818181817677e-01 1.576901999386874031e+00 3.045454561710357888e-01 3.061742210388183505e+00
8.100000000000000000e+01 8.596590909090908728e-01 1.482941662181507469e+00 3.795454561710357444e-01 2.620934365012428824e+00
