0.000000000000000000e+00 7.262918791061501178e-01 6.355233965781112992e+00 7.868480733733058674e-01 5.830107261804766239e+00
1.000000000000000000e+00 8.143100505996196947e-01 4.979303431199532781e+00 7.959183672117808861e-01 4.367329508809546290e+00
2.000000000000000000e+00 8.177172055913263238e-01 3.833281472486098629e+00 8.117913830847967027e-01 3.283331572063385551e+00
3.000000000000000000e+00 8.199886421396406222e-01 2.920465654571377190e+00 8.231292515655223019e-01 2.530368865482390817e+00
4.000000000000000000e+00 8.222600788910371383e-01 2.276049045457682940e+00 8.004535164962820470e-01 2.147878791199249626e+00
5.000000000000000000e+00 8.233957972667353964e-01 1.882223809327272290e+00 8.004535164962820470e-01 1.842189756380457455e+00
6.000000000000000000e+00 8.290743891113796504e-01 1.568825601854492158e+00 3.764172348440910087e-01 2.692024123371323352e+00
7.000000000000000000e+00 8.495173194339368239e-01 1.328890459771727706e+00 6.575963725578758134e-02 4.030488387257063820e+00
8.000000000000000000e+00 8.563316294173500820e-01 1.173347734985265012e+00 4.217687088345724589e-01 2.084879443759009909e+00
9.000000000000000000e+00 8.756388411611267797e-01 1.038451933339534339e+00 4.535147397358671451e-02 6.242185056344721872e+00
1.000000000000000000e+01 8.745031228531225942e-01 9.514114171655796426e-01 2.811791367001003628e-01 2.878261604006328245e+00
1.100000000000000000e+01 8.852924469653210560e-01 8.557175425627501220e-01 2.471655340962399250e-01 2.420342312378137350e+00
1.200000000000000000e+01 9.080068139377336367e-01 7.591873092247910515e-01 1.700680263999368169e-01 3.033663756182404470e+00
1.300000000000000000e+01 9.051675180154115097e-01 7.014496723810831336e-01 4.535147397358671451e-02 6.608486856733049919e+00
1.400000000000000000e+01 9.216354340061012618e-01 6.972062430349281748e-01 4.535147397358671451e-02 7.077764095903253505e+00
1.500000000000000000e+01 9.256104484056627557e-01 6.636813727716773803e-01 4.535147397358671451e-02 3.718271577709656661e+00
1.600000000000000000e+01 9.386712093369518062e-01 6.330045038905081078e-01 4.535147397358671451e-02 6.011730604971887715e+00
1.700000000000000000e+01 9.471890969685300421e-01 6.053692297391225496e-01 4.535147397358671451e-02 5.746074654888404076e+00
1.800000000000000000e+01 9.454855193203650643e-01 6.004974558433303633e-01 1.678004527375811517e-01 2.362102024679551437e+00
1.900000000000000000e+01 9.329926176276956973e-01 6.452332204678463690e-01 5.464852612440277424e-01 1.608236629676386364e+00
2.000000000000000000e+01 9.443498010800549514e-01 6.617834219737597223e-01 4.852607704344250039e-01 1.635690736121871769e+00
2.100000000000000000e+01 9.517319703359349292e-01 6.143638072604147293e-01 6.848072588038282005e-01 1.434219187619734770e+00
2.200000000000000000e+01 9.574105620451910381e-01 6.007401531626730407e-01 6.077097473231032332e-01 1.440153042475382561e+00
2.300000000000000000e+01 9.602498577982779837e-01 5.893684218784139839e-01 6.780045319036021034e-01 1.319064591476976744e+00
2.400000000000000000e+01 9.636570129592197942e-01 5.671168390422433037e-01 4.285714270171124274e-01 1.715199924110014651e+00
2.500000000000000000e+01 9.704713230780211974e-01 5.369310747622630942e-01 7.460317467075356923e-01 1.199379633884040786e+00
2.600000000000000000e+01 9.659284496429222378e-01 5.209579400079349387e-01 6.485260806116116550e-01 1.307439554845935437e+00
2.700000000000000000e+01 9.704713229764800886e-01 5.295771656220504831e-01 8.185941051193376117e-01 1.082102026528511951e+00
2.800000000000000000e+01 9.738784781035748628e-01 4.916398023963313157e-01 5.759637203075989031e-01 1.491438177167152768e+00
2.900000000000000000e+01 9.681998861235424636e-01 4.858854131763594708e-01 5.555555569747138156e-01 1.442038040582825476e+00
3.000000000000000000e+01 9.738784779343396814e-01 4.835143479889323359e-01 5.306122482769073390e-01 1.550916717165992331e+00
3.100000000000000000e+01 9.664963087461537761e-01 5.213400231106317673e-01 7.755102019191059126e-01 1.083663254368061990e+00
3.200000000000000000e+01 9.659284495075340926e-01 5.577644576476691318e-01 5.850340130648105097e-01 1.569070681963377734e+00
3.300000000000000000e+01 9.761499146857361975e-01 5.295817462102314632e-01 8.185941079576539714e-01 1.014670628268702579e+00
3.400000000000000000e+01 9.858035206591656552e-01 4.689287259320113477e-01 8.185941011997577288e-01 9.909689942725391498e-01
3.500000000000000000e+01 9.778534922662071027e-01 4.729761474177215930e-01 7.120181431575697273e-01 1.262148410554916111e+00
3.600000000000000000e+01 9.829642248045376007e-01 4.524544520786984991e-01 8.662131508461742291e-01 7.884949694415068766e-01
3.700000000000000000e+01 9.744463370714182560e-01 4.463672497812690154e-01 8.866213150575857904e-01 7.632082514211434576e-01
3.800000000000000000e+01 9.778534922662071027e-01 4.372401818303071064e-01 8.820861657730846295e-01 7.979519018510572437e-01
3.900000000000000000e+01 9.778534922323600664e-01 4.481980046008812169e-01 8.140589556996784548e-01 1.035457732726116520e+00
4.000000000000000000e+01 9.784213513694386410e-01 4.653826256762303437e-01 8.956916079499553929e-01 7.485803490052688192e-01
4.100000000000000000e+01 9.795570698128309717e-01 4.650463238993129966e-01 8.866213131653748469e-01 7.818823158065207890e-01
4.200000000000000000e+01 9.806927880869881209e-01 4.496066175963918110e-01 7.664399090267363102e-01 1.142027346185005232e+00
4.300000000000000000e+01 9.772856331291285281e-01 4.697898848702594665e-01 9.024943309306017181e-01 7.237789045656078946e-01
4.400000000000000000e+01 9.806927881885292297e-01 4.453299380140775532e-01 8.752834484690711347e-01 8.051113030807771631e-01
4.500000000000000000e+01 9.767177739243558809e-01 4.141582431676779086e-01 6.848072548842484286e-01 1.294602346258098668e+00
4.600000000000000000e+01 9.795570696097487540e-01 4.126545251397366054e-01 8.662131508461742291e-01 7.794135702169942004e-01
4.700000000000000000e+01 9.829642247368435282e-01 4.168022827354769255e-01 7.619047635266570362e-01 1.121341245785321794e+00
4.800000000000000000e+01 9.846678023850085060e-01 4.108814426371483752e-01 8.956916107882718636e-01 7.347461009512141761e-01
4.900000000000000000e+01 9.789892106080583245e-01 4.300038684402792688e-01 9.138322033309072001e-01 6.851750024321938692e-01
5.000000000000000000e+01 9.909142531974961532e-01 3.929240376281846747e-01 9.047619027345359388e-01 6.397473663429554813e-01
5.100000000000000000e+01 9.875070982057895241e-01 3.534942379835855353e-01 9.115646238229713205e-01 6.437829430141146503e-01
5.200000000000000000e+01 9.892106757185663568e-01 3.387307159133014500e-01 8.594104307038443746e-01 7.900761957882213027e-01
5.300000000000000000e+01 9.886428165137937096e-01 3.189257009675189880e-01 9.047619036806413551e-01 6.097933002610325115e-01
5.400000000000000000e+01 9.869392390010168770e-01 3.290532248254393610e-01 9.024943309306017181e-01 6.155476924243157288e-01
5.500000000000000000e+01 9.840999431802358588e-01 3.359956406924211603e-01 8.367346965807095360e-01 8.980884716894621533e-01
5.600000000000000000e+01 9.755820554471165140e-01 3.919982332048735918e-01 8.866213160036913177e-01 7.739877773790942994e-01
5.700000000000000000e+01 9.784213514032856773e-01 4.086661377222547409e-01 8.820861676652955730e-01 8.274666180416029304e-01
5.800000000000000000e+01 9.863713797962442298e-01 4.166507872582023708e-01 8.820861695575065164e-01 8.110120591122547129e-01
5.900000000000000000e+01 9.886428164799466733e-01 3.924660777280711277e-01 9.092970510729315725e-01 6.920674182390139650e-01
6.000000000000000000e+01 9.835320840431572842e-01 3.939810014630771851e-01 8.594104316499497909e-01 9.850455879354153010e-01
6.100000000000000000e+01 9.738784781035748628e-01 4.081253450340604494e-01 8.412698401885778665e-01 8.792726142065865336e-01
6.200000000000000000e+01 9.806927880869881209e-01 4.160653761778955739e-01 8.820861715848754558e-01 7.604756579647798942e-01
6.300000000000000000e+01 9.846678023173144334e-01 4.094444627046991414e-01 8.412698449191052807e-01 1.014067398447568769e+00
6.400000000000000000e+01 9.852356614882400443e-01 3.882995987906501800e-01 8.934240342538102286e-01 7.424307100626886813e-01
6.500000000000000000e+01 9.806927881885292297e-01 3.805836581459511314e-01 8.185941011997577288e-01 9.596521762493246399e-01
6.600000000000000000e+01 9.863713797962442298e-01 3.611549770777906510e-01 9.115646228768657933e-01 6.357311415834491219e-01
6.700000000000000000e+01 9.858035205914715826e-01 3.482654053402651217e-01 9.070294783228919355e-01 6.655475901367983171e-01
6.800000000000000000e+01 9.886428165476407459e-01 3.499735825478793583e-01 9.115646228768657933e-01 6.292954704929101251e-01
6.900000000000000000e+01 9.914821124361158367e-01 3.331515006319086258e-01 8.276644027422345173e-01 1.013461197855250795e+00
7.000000000000000000e+01 9.903463940265705423e-01 3.062639358638024611e-01 9.092970549925114554e-01 5.689666175247590774e-01
7.100000000000000000e+01 9.812606473256078043e-01 3.160678992922640318e-01 8.888888859154145949e-01 7.832747038259527672e-01
7.200000000000000000e+01 9.829642247706905644e-01 3.546272761980150956e-01 9.070294822424718184e-01 6.824070612589517859e-01
7.300000000000000000e+01 9.755820556163516954e-01 3.890841105558329183e-01 9.183673497770918903e-01 6.672042759637983877e-01
7.400000000000000000e+01 9.789892105403642519e-01 4.014398981433643376e-01 8.594104335421607344e-01 9.984939390299271134e-01
7.500000000000000000e+01 9.852356615559341169e-01 3.814758278645283274e-01 8.979591874578912725e-01 7.793639314417936115e-01
7.600000000000000000e+01 9.812606473256078043e-01 3.817421061995353027e-01 8.934240372272845843e-01 8.104918612644516074e-01
7.700000000000000000e+01 9.863713798639383024e-01 3.729660396106130871e-01 8.752834465768601913e-01 8.582647860455675515e-01
7.800000000000000000e+01 9.858035206253186189e-01 3.779814486507662719e-01 8.707482972923590303e-01 8.985504405298471164e-01
7.900000000000000000e+01 9.869392390348639132e-01 3.711928184874554448e-01 8.911564596115596482e-01 7.643449384879633657e-01
8.000000000000000000e+01 9.812606472579137318e-01 3.964948735407710645e-01 9.115646286886565086e-01 7.244215725230521707e-01
8.100000000000000000e+01 9.886428164799466733e-01 3.707819742312964961e-01 8.140589596192582267e-01 1.079021217060737836e+00
8.200000000000000000e+01 9.875070982057895241e-01 3.330836235495334141e-01 9.002267543961401941e-01 6.927767881190155519e-01
8.300000000000000000e+01 9.920499715393473750e-01 2.983547728350052775e-01 9.115646296347620359e-01 5.886297469236412283e-01
8.400000000000000000e+01 9.914821123684217641e-01 2.838226119812614079e-01 9.002267553422456103e-01 6.115570956346939591e-01
8.500000000000000000e+01 9.880749574105621713e-01 2.982229786559575380e-01 8.934240333077048124e-01 6.173019121293308320e-01
8.600000000000000000e+01 9.755820554809635503e-01 3.667946633529013400e-01 9.002267553422456103e-01 6.977825427001296266e-01
8.700000000000000000e+01 9.755820553794224415e-01 4.317476116480440385e-01 8.934240333077048124e-01 8.165659396286183425e-01
8.800000000000000000e+01 9.823963655997649536e-01 4.573394002594912688e-01 8.956916079499553929e-01 8.345390233863778651e-01
8.900000000000000000e+01 9.812606472240666955e-01 4.512163845569420184e-01 9.138322023848016729e-01 7.951112107084451486e-01
9.000000000000000000e+01 9.892106756847193205e-01 4.076589098002408318e-01 9.047619017884304116e-01 7.136374195687084088e-01
