0.000000000000000000e+00 6.874645493345644676e-01 6.860012439050528599e+00 7.551020395999051837e-01 5.914801623545536735e+00
1.000000000000000000e+00 7.719795805313880432e-01 4.640748830390665880e+00 7.913832206304382000e-01 3.624666154519771144e+00
2.000000000000000000e+00 7.918321047056418038e-01 2.807950080962459793e+00 7.936507963539521926e-01 2.328158899770031542e+00
3.000000000000000000e+00 7.850255248428946730e-01 1.876667617128710885e+00 4.875283452118335248e-01 3.512416421691306301e+00
4.000000000000000000e+00 7.889960299346910899e-01 1.544189600260231998e+00 8.027210901924272113e-01 1.537246825203063105e+00
5.000000000000000000e+00 7.975042542475431206e-01 1.351329101734518368e+00 5.147392294979959981e-01 2.283584935865164312e+00
6.000000000000000000e+00 8.099829837536176580e-01 1.241459991332826140e+00 3.854875296286714992e-01 2.140771536059390190e+00
7.000000000000000000e+00 8.003403293227716597e-01 1.178675614157929319e+00 6.621315199501660587e-01 1.851107686825620435e+00
8.000000000000000000e+00 8.099829837198089244e-01 1.048951837804191767e+00 8.004535125767022752e-01 1.201013541275681717e+00
9.000000000000000000e+00 8.162223483714202699e-01 1.030708639917898406e+00 7.052154222042922305e-01 1.435004397855053737e+00
1.000000000000000000e+01 8.440158823911804165e-01 8.623953416005359918e-01 8.253968262077729934e-01 1.009038398325308172e+00
1.100000000000000000e+01 8.338060125801554090e-01 8.597444662030826468e-01 6.938775498039868594e-01 1.657953462903461794e+00
1.200000000000000000e+01 8.491208169924151505e-01 8.688789357938890845e-01 6.553287988617306770e-01 1.767471736250550762e+00
1.300000000000000000e+01 8.650028363791502084e-01 8.256373569090394993e-01 7.755102077308966280e-01 1.324825485006752013e+00
1.400000000000000000e+01 8.706749859548602588e-01 7.771962014234545801e-01 7.755102019191059126e-01 1.339415814060202603e+00
1.500000000000000000e+01 8.684061260231502599e-01 6.994440322292845291e-01 8.095238122269680092e-01 1.065400973198905810e+00
1.600000000000000000e+01 8.638684063287735970e-01 6.825710274046683512e-01 5.918367372618781319e-01 1.274178308694541073e+00
1.700000000000000000e+01 8.054452640592409951e-01 9.806752787756094492e-01 7.709750535807101679e-01 1.563989159201278234e+00
1.800000000000000000e+01 8.389109474180506121e-01 9.568497527409736136e-01 8.004535164962820470e-01 1.428951192875297593e+00
1.900000000000000000e+01 8.474191720013718454e-01 8.367298402640201971e-01 7.777777814270417922e-01 1.565571093775517841e+00
2.000000000000000000e+01 8.638684063287735970e-01 7.315971222846128219e-01 8.049886629424668483e-01 1.275650015763955425e+00
2.100000000000000000e+01 8.910947250021633570e-01 6.329497848122348502e-01 7.936507973000576088e-01 1.516158361553875400e+00
2.200000000000000000e+01 8.701077710818108102e-01 6.354669812248974203e-01 7.800453512036070736e-01 8.869526094319869491e-01
2.300000000000000000e+01 8.735110608610454630e-01 6.199026619651002434e-01 8.231292544038387726e-01 8.355208585321768355e-01
2.400000000000000000e+01 8.899602950194039908e-01 5.798021015360892427e-01 7.823129288193320097e-01 1.468758932316925003e+00
2.500000000000000000e+01 8.763471356996135331e-01 5.965139053115369183e-01 8.435374129386175035e-01 7.930176462175624330e-01
2.600000000000000000e+01 8.956324448317746212e-01 5.457402586734099170e-01 8.639455799883455356e-01 6.309060058355872025e-01
2.700000000000000000e+01 8.893930801463546532e-01 5.325588360809156985e-01 8.730158728807151380e-01 5.912569769385720431e-01
2.800000000000000000e+01 8.979013046282499078e-01 5.153654613619288449e-01 8.820861715848754558e-01 5.434384770404183662e-01
2.900000000000000000e+01 8.990357347462438753e-01 4.804402025193567627e-01 8.639455762039236486e-01 7.822482088525819499e-01
3.000000000000000000e+01 9.081111742364230688e-01 4.690041684049540138e-01 8.956916128156406920e-01 5.165984887384773572e-01
3.100000000000000000e+01 9.115144639818490990e-01 4.723229016675505321e-01 8.480725631692241917e-01 8.835770086366303566e-01
3.200000000000000000e+01 9.052750994316637323e-01 4.389251352573617648e-01 8.866213189771656733e-01 6.273289562758405102e-01
3.300000000000000000e+01 9.041406695503304558e-01 4.408657676579934570e-01 8.458049875808680840e-01 8.880073153783404338e-01
3.400000000000000000e+01 9.171866138280283520e-01 4.313651334137248439e-01 8.321995482423137913e-01 1.003850609401996996e+00
3.500000000000000000e+01 9.120816790915590166e-01 4.370378620639417955e-01 8.888888926733107265e-01 4.947129846159833422e-01
3.600000000000000000e+01 9.143505389556516594e-01 4.037878075176115633e-01 8.662131489539632856e-01 6.836027861182111254e-01
3.700000000000000000e+01 9.222915485983063100e-01 3.869429795632494673e-01 9.138322004925907294e-01 4.709908862232891624e-01
3.800000000000000000e+01 9.217243336238308826e-01 3.785015056570077974e-01 9.002267611540364367e-01 5.714520472788215955e-01
3.900000000000000000e+01 9.307997732154361659e-01 3.600758519182135076e-01 8.798185920769394652e-01 6.047106994117468215e-01
4.000000000000000000e+01 9.302325582409608495e-01 3.837278400438452475e-01 5.941043119041287124e-01 1.273616791041800145e+00
4.100000000000000000e+01 9.262620533858249017e-01 4.378520065894264679e-01 8.911564663694558908e-01 6.219778596814257154e-01
4.200000000000000000e+01 9.239931934879236364e-01 4.439293759422280883e-01 9.070294822424718184e-01 5.540583531061807898e-01
4.300000000000000000e+01 9.353374930788560526e-01 4.159201529644053763e-01 8.888888917272053103e-01 6.530369135663082192e-01
4.400000000000000000e+01 9.336358480540041249e-01 3.990423809853184123e-01 8.843537385231242665e-01 6.481137298672647873e-01
4.500000000000000000e+01 9.364719229263808176e-01 3.902127282293560984e-01 8.798185911308340490e-01 6.139115169475408695e-01
4.600000000000000000e+01 9.398752127732327155e-01 3.864228984407586109e-01 9.070294812963662912e-01 5.657894418082810573e-01
4.700000000000000000e+01 9.483834374579799276e-01 4.001511495625911796e-01 8.639455752578181214e-01 7.705694466761721095e-01
4.800000000000000000e+01 9.404424277477080318e-01 3.977390129459357215e-01 8.480725593848023047e-01 7.920687420297912729e-01
4.900000000000000000e+01 9.500850822799798978e-01 3.784934826960160703e-01 8.956916128156406920e-01 6.035974594065391940e-01
5.000000000000000000e+01 9.432785026538933471e-01 3.702204951628729757e-01 8.435374129386175035e-01 8.340569650775451205e-01
5.100000000000000000e+01 9.415768578318932658e-01 3.753410926341199105e-01 9.138322033309072001e-01 5.190704755501952539e-01
5.200000000000000000e+01 9.466817925345539786e-01 3.853034288857514755e-01 7.188208643811629939e-01 1.076748773354251343e+00
5.300000000000000000e+01 9.495178672716959589e-01 3.898792948428028149e-01 9.047619076002211269e-01 5.958869607945959102e-01
5.400000000000000000e+01 9.529211571185479679e-01 3.827082415872585797e-01 8.956916070038498656e-01 6.557246741253772715e-01
5.500000000000000000e+01 9.614293818032950689e-01 3.325841575269326000e-01 9.138321995464853131e-01 5.847179156447214199e-01
5.600000000000000000e+01 9.585933069309184873e-01 3.417388038140295459e-01 9.024943348501814899e-01 5.645587651097044857e-01
5.700000000000000000e+01 9.585933069309184873e-01 3.481744936901401966e-01 9.092970559386168716e-01 5.708789828142611933e-01
