0.000000000000000000e+00 7.107954545454545636e-01 6.347100171175870109e+00 5.045454512942920688e-01 8.231660912253639495e+00
1.000000000000000000e+00 7.880681818181818343e-01 4.967713798176158768e+00 6.727272727272727293e-01 5.524438753995028151e+00
2.000000000000000000e+00 8.119318192655390343e-01 3.891430694406682989e+00 7.931818149306557597e-01 4.383809765902432432e+00
3.000000000000000000e+00 8.340909090909091050e-01 2.974140097878195999e+00 7.659090898253700930e-01 3.195077891783280943e+00
4.000000000000000000e+00 8.267045465382663050e-01 2.345170953057028829e+00 7.704545443708246122e-01 2.398019383170387986e+00
5.000000000000000000e+00 8.380681829019026585e-01 1.889455639232288764e+00 7.727272705598311475e-01 2.034200989116321967e+00
6.000000000000000000e+00 8.392045454545454808e-01 1.578159013661471377e+00 6.840909123420715332e-01 2.358666957508433804e+00
7.000000000000000000e+00 8.664772716435519273e-01 1.308331140604886089e+00 5.886363668875260746e-01 2.896144156022505189e+00
8.000000000000000000e+00 8.846590898253701152e-01 1.114351645382967826e+00 3.477272743528539434e-01 3.420713541724464957e+00
9.000000000000000000e+00 8.960227272727272485e-01 9.614554112607782699e-01 3.454545470801266838e-01 3.720133408633145233e+00
1.000000000000000000e+01 9.045454545454545414e-01 8.430127089673822294e-01 3.454545470801266838e-01 4.713678169250488104e+00
1.100000000000000000e+01 9.204545465382663050e-01 7.375883384184404035e-01 3.568181823600422020e-01 3.044185785813765310e+00
1.200000000000000000e+01 9.295454534617337838e-01 6.811662370508367870e-01 7.613636352799155738e-01 1.928688556497747175e+00
1.300000000000000000e+01 9.323863625526428445e-01 6.305278821425004399e-01 7.363636363636363313e-01 1.537955901839516359e+00
1.400000000000000000e+01 9.409090898253701374e-01 5.577131412246010278e-01 7.545454545454545192e-01 1.484808579358187552e+00
1.500000000000000000e+01 9.545454556291753656e-01 5.089767640287226058e-01 7.909090887416493354e-01 1.220695105465975594e+00
1.600000000000000000e+01 9.625000010837208020e-01 4.508702050555836172e-01 5.636363625526428223e-01 1.571853559667413913e+00
1.700000000000000000e+01 9.653409080071883031e-01 4.240006896582516616e-01 7.590909080071882586e-01 1.397136430306868071e+00
1.800000000000000000e+01 9.613636352799155294e-01 4.231931583447889889e-01 7.090909080071883253e-01 1.241738655350425047e+00
1.900000000000000000e+01 9.545454556291753656e-01 4.493065422231500849e-01 7.431818181818181657e-01 1.093041482838717382e+00
2.000000000000000000e+01 9.681818170980973637e-01 4.204287507317283068e-01 7.659090919928117636e-01 1.309914836016568218e+00
2.100000000000000000e+01 9.812499989162791758e-01 3.711919909173791998e-01 7.545454534617337394e-01 1.212816370617259665e+00
2.200000000000000000e+01 9.795454545454544970e-01 3.434582704847509160e-01 7.749999978325583516e-01 1.150122794238003898e+00
2.300000000000000000e+01 9.852272727272727293e-01 3.097768079150806653e-01 8.136363603852011517e-01 8.897640965201637497e-01
2.400000000000000000e+01 9.840909090909091272e-01 2.855290353298187145e-01 7.999999978325583738e-01 9.683984041213988814e-01
2.500000000000000000e+01 9.852272716435519495e-01 2.712110145525498672e-01 8.318181850693442403e-01 7.591582493348555394e-01
2.600000000000000000e+01 9.857954545454545858e-01 2.623404632915150025e-01 8.727272748947143555e-01 6.750829241492531940e-01
2.700000000000000000e+01 9.852272716435519495e-01 2.529789986935528923e-01 8.363636363636363091e-01 6.941854260184547876e-01
2.800000000000000000e+01 9.835227283564480505e-01 2.558877831155603744e-01 6.954545432871038768e-01 1.171783993460915330e+00
2.900000000000000000e+01 9.801136352799155738e-01 2.564654128117994647e-01 7.863636363636363757e-01 1.020005195791071184e+00
3.000000000000000000e+01 9.840909090909091272e-01 2.628763724457133799e-01 8.659090919928117414e-01 6.327802289615978015e-01
3.100000000000000000e+01 9.886363625526428667e-01 2.506267070770263894e-01 8.409090930765324989e-01 7.907387690110639911e-01
3.200000000000000000e+01 9.886363625526428667e-01 2.437491048466075561e-01 8.431818149306556931e-01 7.229331590912558836e-01
3.300000000000000000e+01 9.937500010837208020e-01 2.278999772938815060e-01 8.227272694761103011e-01 8.314107959920710167e-01
3.400000000000000000e+01 9.931818181818181657e-01 2.156814163381403082e-01 8.409090876579284890e-01 7.642008835619146234e-01
3.500000000000000000e+01 9.920454545454545636e-01 2.084053375504233696e-01 8.363636396147987595e-01 7.294838352636857648e-01
3.600000000000000000e+01 9.903409090909091050e-01 2.064568530429493343e-01 8.340909123420715554e-01 7.944429993629456010e-01
3.700000000000000000e+01 9.863636374473572221e-01 2.024467996575615714e-01 8.340909058397466547e-01 7.480058778416026621e-01
3.800000000000000000e+01 9.846590909090908728e-01 2.150668344714424807e-01 8.863636341961946830e-01 5.367279117757624007e-01
3.900000000000000000e+01 9.840909101746299070e-01 2.289791329340501169e-01 8.840909112583507090e-01 6.281742421063509774e-01
4.000000000000000000e+01 9.857954534617336950e-01 2.455259182236411430e-01 8.613636352799155516e-01 7.265506939454512425e-01
4.100000000000000000e+01 9.869318192655389677e-01 2.574942155317826442e-01 8.931818149306557375e-01 5.950242140076377195e-01
4.200000000000000000e+01 9.892045443708246122e-01 2.445570430972359433e-01 8.886363603852012183e-01 6.181152928959239290e-01
4.300000000000000000e+01 9.920454534617337838e-01 2.338598608970642034e-01 8.613636374473572221e-01 7.334391680630770738e-01
4.400000000000000000e+01 9.954545443708245900e-01 2.103751309893348020e-01 9.045454512942920910e-01 5.073510104959660927e-01
4.500000000000000000e+01 9.931818181818181657e-01 1.963455836881290717e-01 8.363636374473571999e-01 6.695562676949934344e-01
4.600000000000000000e+01 9.931818170980973859e-01 1.904756800694899221e-01 8.272727251052856001e-01 7.860247113487937032e-01
4.700000000000000000e+01 9.931818170980973859e-01 1.820480097423900212e-01 8.386363647200844040e-01 8.520876819437200878e-01
4.800000000000000000e+01 9.914772716435519273e-01 1.907361079346049926e-01 8.636363647200844262e-01 6.894698489796031726e-01
4.900000000000000000e+01 9.869318181818181879e-01 2.074926552447405592e-01 8.272727240215648203e-01 8.640113158659501469e-01
5.000000000000000000e+01 9.914772727272727071e-01 2.000516062433069508e-01 8.249999967488375052e-01 8.366112882440740472e-01
5.100000000000000000e+01 9.920454545454545636e-01 1.966067308729345098e-01 7.454545454545454808e-01 1.159640208157626029e+00
5.200000000000000000e+01 9.943181818181817677e-01 1.930260950868779857e-01 8.704545476219870404e-01 6.341595931486649906e-01
5.300000000000000000e+01 9.948863636363636243e-01 1.852626139467412891e-01 8.772727272727273151e-01 6.291492256251248749e-01
5.400000000000000000e+01 9.948863636363636243e-01 1.765095613219521131e-01 8.863636341961946830e-01 5.604654615575617171e-01
5.500000000000000000e+01 9.977272727272726849e-01 1.634999028661034415e-01 9.022727251052856667e-01 5.007038961757313000e-01
5.600000000000000000e+01 9.954545454545454808e-01 1.565056502819061335e-01 8.522727294401688525e-01 6.851119951768355198e-01
5.700000000000000000e+01 9.965909090909090828e-01 1.512899301268837704e-01 8.954545422033830526e-01 5.658227985555475126e-01
5.800000000000000000e+01 9.960227272727272263e-01 1.421513495120135251e-01 8.727272727272726849e-01 6.074782133102416548e-01
5.900000000000000000e+01 9.948863636363636243e-01 1.370678056370128184e-01 8.454545487057079090e-01 6.862501881339333476e-01
6.000000000000000000e+01 9.943181807344609879e-01 1.476932265541770206e-01 9.022727240215647759e-01 4.705273525281385982e-01
6.100000000000000000e+01 9.875000000000000444e-01 1.487491580572995187e-01 8.863636341961946830e-01 5.875968564640391412e-01
6.200000000000000000e+01 9.857954556291753656e-01 1.736402414061806454e-01 8.431818203492598141e-01 7.922748002139005097e-01
6.300000000000000000e+01 9.863636352799155516e-01 1.967618842016566894e-01 8.727272705598311253e-01 7.575939763676036165e-01
6.400000000000000000e+01 9.892045454545455030e-01 2.146647309715097596e-01 7.795454556291753212e-01 1.045698467167941015e+00
6.500000000000000000e+01 9.852272738109935091e-01 2.321533121845938963e-01 7.772727261890064465e-01 1.076364883509549175e+00
6.600000000000000000e+01 9.897727261890064687e-01 2.260416540232571825e-01 8.795454534617337394e-01 7.501426718451760234e-01
6.700000000000000000e+01 9.943181807344609879e-01 2.130505036224018545e-01 8.568181839856234827e-01 7.633936296809803457e-01
6.800000000000000000e+01 9.971590909090909394e-01 2.018191559748216124e-01 8.636363636363636465e-01 8.223726034164429155e-01
6.900000000000000000e+01 9.965909090909090828e-01 1.878323468295010623e-01 9.022727251052856667e-01 6.482635368000376763e-01
7.000000000000000000e+01 9.971590909090909394e-01 1.793445424600081106e-01 8.863636352799155738e-01 6.547480128028175805e-01
7.100000000000000000e+01 9.988636363636363980e-01 1.565651714801788441e-01 8.886363614689219981e-01 5.929687088186090804e-01
7.200000000000000000e+01 9.982954545454545414e-01 1.515283478931947203e-01 8.749999989162792202e-01 6.763782652941616735e-01
7.300000000000000000e+01 9.965909090909090828e-01 1.396087242798371708e-01 9.113636396147988261e-01 5.208532907746055152e-01
7.400000000000000000e+01 9.960227261890064465e-01 1.321870890530672804e-01 8.931818160143765173e-01 5.741924307563087693e-01
7.500000000000000000e+01 9.965909090909090828e-01 1.315694920041344251e-01 9.045454577966169918e-01 5.344506523825905964e-01
7.600000000000000000e+01 9.960227272727272263e-01 1.208156997507268682e-01 8.659090898253700708e-01 6.555445942011746130e-01
7.700000000000000000e+01 9.931818181818181657e-01 1.242987104437568019e-01 9.159090941602533453e-01 4.935185882178219630e-01
7.800000000000000000e+01 9.954545454545454808e-01 1.284293778918006168e-01 8.931818149306557375e-01 5.851261886683377655e-01
7.900000000000000000e+01 9.897727261890064687e-01 1.598878852345726742e-01 8.613636385310780019e-01 7.852765386754816390e-01
8.000000000000000000e+01 9.863636352799155516e-01 1.747360633178190736e-01 8.863636341961946830e-01 5.926151741634715364e-01
